*
*
*
&Data
   Name  = 'LHEC CC ele pp cross section D7: datlhec760ccepp'
   
   IndexDataset = 1007

   Reaction = 'CC e+-p'

 ! Data table definitions:
   NData   =  109
   NColumn =  10   ! 3 bins, 2 ignore  sigma and 4 errors

 ! Layout of the data table columns: 3 bins, cross-section and 116 errors
 ! The following types are predefined: Bin, Sigma, Error and Dummy (case sensitive!)
  ColumnType = 4*'Bin','Sigma', 'Dummy', 4*'Error'

  ColumnName = 'Q2','x', 'y','ignore', 'reduced x-section','ignore', 'stat','uncor', 'ccsys', 'ignore'

 ! options for bins: depends on Reaction type, for NC e+-p these are 'x', 'Q2' and 'y'
 ! options for the errors: 'stat', 'uncor', 'ignore' or different names for correlated uncertainties


 ! Extra information for the x-section calculation:
 !  NInfo    = 4
 !  DataInfo =  1296 ,     -1.  ,  1.     ,   0.0
 !  CInfo    = 'sqrt(S)','e charge','reduced','e polarity'

   TermName = 'R'
   TermSource = 'use:hf_scheme_DISCC'
   TermInfo = 'type=sigred:flav=incl:echarge=-1:epolarity=-0.0'
   TheorExpr = 'R'



   
   Percent  = 21*True

&END
*        Ep        Ee   eCharge      ePol    Lumifb    lhapdf        NC        CC     itarg    erunco 1 0.5
*     7000.       60.       -1.      0.0     10.0     21000         0         1         1      0.70 1 0.5
*
*      q2         x       y  thetaj    sigrCC    nevent   estat   eunco   esyst    etot 
100	8.5E-05	0.70028	7.5	7.97635	56000	1.32815661727072	0.5	2	2.1
100	0.0002	0.29762	26.4	8.62402	180000	0.758946638440411	0.5	2	2.08
100	0.0005	0.11905	66.6	7.59768	130000	0.885437744847146	0.5	2	2.08
100	0.00085	0.07003	97.9	6.63437	46000	1.48627050027914	0.5	2	2.11
100	0.002	0.02976	140.1	5.08337	110000	0.948683298050514	0.5	2	2.08
100	0.005	0.0119	163.6	3.70395	62000	1.26491106406735	0.5	2	2.1
100	0.0085	0.007	170.4	3.06521	21000	2.1503488089145	0.5	2	2.17
100	0.02	0.00298	175.9	2.24783	50000	1.42302494707577	0.5	2	2.11
100	0.05	0.00119	178.4	1.57348	20000	2.24521713871955	0.5	2	2.18
200	0.0002	0.59524	14.4	7.60214	350000	0.537587202228625	0.5	2	2.07
200	0.0005	0.2381	46.7	7.8071	320000	0.569209978830308	0.5	2	2.07
200	0.00085	0.14006	75.9	7.12531	120000	0.885437744847146	0.5	2	2.08
200	0.002	0.05952	125	5.59634	310000	0.569209978830308	0.5	2	2.07
200	0.005	0.02381	156.9	4.05395	170000	0.758946638440411	0.5	2	2.08
200	0.0085	0.01401	166.4	3.31766	58000	1.29653384066904	0.5	2	2.1
200	0.02	0.00595	174.2	2.37358	130000	0.853814968245463	0.5	2	2.08
200	0.05	0.00238	177.7	1.60956	69000	1.20166551086398	0.5	2	2.1
200	0.085	0.0014	178.6	1.23481	31000	1.80249826629598	0.5	2	2.14
500	0.0005	0.59524	22.5	6.38508	630000	0.411096095821889	0.5	2	2.07
500	0.00085	0.35014	46.4	6.60848	270000	0.600832755431992	0.5	2	2.07
500	0.002	0.14881	98.2	5.81766	730000	0.379473319220206	0.5	2	2.06
500	0.005	0.05952	143.5	4.35612	420000	0.474341649025257	0.5	2	2.07
500	0.0085	0.03501	158.3	3.55885	140000	0.822192191643779	0.5	2	2.08
500	0.02	0.01488	170.8	2.49805	320000	0.569209978830308	0.5	2	2.07
500	0.05	0.00595	176.3	1.64019	160000	0.790569415042095	0.5	2	2.08
500	0.085	0.0035	177.8	1.23106	94000	1.04355162785557	0.5	2	2.09
500	0.2	0.00149	179.1	0.63956	31000	1.80249826629598	0.5	2	2.14
1000	0.00085	0.70028	23.3	5.21336	350000	0.537587202228625	0.5	2	2.07
1000	0.002	0.29762	73.2	5.34947	1100000	0.316227766016838	0.5	2	2.06
1000	0.005	0.11905	128.6	4.361	680000	0.379473319220206	0.5	2	2.07
1000	0.0085	0.07003	149.2	3.62273	230000	0.66407830863536	0.5	2	2.07
1000	0.02	0.02976	166.9	2.54816	530000	0.442718872423573	0.5	2	2.07
1000	0.05	0.0119	174.8	1.6484	260000	0.632455532033676	0.5	2	2.07
1000	0.085	0.007	176.9	1.22154	150000	0.822192191643779	0.5	2	2.08
1000	0.2	0.00298	178.7	0.61723	59000	1.29653384066904	0.5	2	2.1
1000	0.30000001	0.00198	179.1	0.34662	22000	2.1503488089145	0.5	2	2.17
1000	0.40000001	0.00149	179.4	0.17328	8100	3.5101282027869	0.5	3.33	3.55
1000	0.5	0.00119	179.5	0.07199	1600	8.03218525682768	0.5	4.67	5.34
2000	0.002	0.59524	43.4	4.20147	1200000	0.284604989415154	0.5	2	2.06
2000	0.005	0.2381	107.6	4.022	1100000	0.316227766016838	0.5	2	2.06
2000	0.0085	0.14006	135.9	3.50253	390000	0.505964425626941	0.5	2	2.07
2000	0.02	0.05952	161.3	2.53545	890000	0.347850542618522	0.5	2	2.06
2000	0.05	0.02381	172.6	1.63792	440000	0.474341649025257	0.5	2	2.07
2000	0.085	0.01401	175.7	1.20375	250000	0.632455532033676	0.5	2	2.07
2000	0.2	0.00595	178.2	0.59473	96000	1.01192885125388	0.5	2	2.09
2000	0.30000001	0.00397	178.8	0.32825	35000	1.70762993649093	0.5	2	2.13
2000	0.40000001	0.00298	179.1	0.16137	13000	2.78280434094817	0.5	3.33	3.48
2000	0.5	0.00238	179.3	0.06593	4300	4.83828482005762	0.5	4.67	4.94
2000	0.60000002	0.00198	179.4	0.02066	1100	9.3603418740984	0.5	6	6.71
2000	0.69999999	0.0017	179.5	0.00432	120	28.7451039309306	0.5	7.33	11.69
5000	0.005	0.59524	64.4	2.88864	1200000	0.284604989415154	0.5	2	2.06
5000	0.0085	0.35014	107.2	2.86844	490000	0.442718872423573	0.5	2	2.07
5000	0.02	0.14881	149.4	2.34321	1200000	0.284604989415154	0.5	2	2.06
5000	0.05	0.05952	168.1	1.57333	640000	0.379473319220206	0.5	2	2.07
5000	0.085	0.03501	173.1	1.1579	360000	0.537587202228625	0.5	2	2.07
5000	0.2	0.01488	177.1	0.56231	140000	0.853814968245463	0.5	2	2.08
5000	0.30000001	0.00992	178.1	0.30476	49000	1.42302494707577	0.5	2	2.11
5000	0.40000001	0.00744	178.5	0.14702	18000	2.37170824512628	0.5	3.33	3.45
5000	0.5	0.00595	178.8	0.05889	5800	4.14258373482058	0.5	4.67	4.87
5000	0.60000002	0.00496	179	0.01807	1500	8.09543081003105	0.5	6	6.54
5000	0.69999999	0.00425	179.2	0.00369	280	18.8471748546035	0.5	7.33	9.46
5000	0.80000001	0.00372	179.3	0.00037	28	59.9251616601908	0.5	8.67	20.84
10000	0.0085	0.70028	66.2	2.05583	310000	0.569209978830308	0.5	2	2.07
10000	0.02	0.29762	133.8	1.97413	890000	0.347850542618522	0.5	2	2.06
10000	0.05	0.11905	162.7	1.4535	510000	0.442718872423573	0.5	2	2.07
10000	0.085	0.07003	170	1.09094	290000	0.569209978830308	0.5	2	2.07
10000	0.2	0.02976	175.8	0.53211	110000	0.948683298050514	0.5	2	2.08
10000	0.30000001	0.01984	177.2	0.28606	40000	1.58113883008419	0.5	2	2.12
10000	0.40000001	0.01488	177.9	0.13647	14000	2.62469045793976	0.5	3.33	3.47
10000	0.5	0.0119	178.4	0.05401	4600	4.64854816044752	0.5	4.67	4.92
10000	0.60000002	0.00992	178.6	0.01635	1200	9.1706052144883	0.5	6	6.68
10000	0.69999999	0.0085	178.8	0.00329	220	21.503488089145	0.5	7.33	10.01
10000	0.80000001	0.00744	179	0.00032	21	69.0641440980774	0.5	8.67	23.5
20000	0.02	0.59524	103.1	1.39715	490000	0.442718872423573	0.5	2	2.07
20000	0.05	0.2381	153.9	1.22747	360000	0.537587202228625	0.5	2	2.07
20000	0.085	0.14006	165.4	0.97191	220000	0.66407830863536	0.5	2	2.07
20000	0.2	0.05952	174	0.49099	87000	1.07517440445725	0.5	2	2.09
20000	0.30000001	0.03968	176.1	0.26414	31000	1.80249826629598	0.5	2	2.14
20000	0.40000001	0.02976	177.1	0.12529	11000	3.03578655376164	0.5	3.33	3.5
20000	0.5	0.02381	177.7	0.04916	3500	5.37587202228625	0.5	4.67	4.99
20000	0.60000002	0.01984	178.1	0.01472	890	10.5936301615641	0.5	6	6.89
20000	0.69999999	0.01701	178.3	0.00292	160	25.0452390685336	0.5	7.33	10.8
20000	0.80000001	0.01488	178.5	0.00028	15	81.1440447599206	0.5	8.67	27.09
50000	0.05	0.59524	126.7	0.73726	170000	0.790569415042095	0.5	2	2.08
50000	0.085	0.35014	153.8	0.68383	120000	0.91706052144883	0.5	2	2.08
50000	0.2	0.14881	170.1	0.40284	51000	1.39140217047409	0.5	2	2.11
50000	0.30000001	0.09921	173.6	0.22366	18000	2.3400854685246	0.5	2	2.19
50000	0.40000001	0.0744	175.2	0.10701	6600	3.88960152200711	0.5	3.33	3.59
50000	0.5	0.05952	176.2	0.04193	2100	6.92538807576875	0.5	4.67	5.18
50000	0.60000002	0.0496	176.9	0.01247	530	13.7242850451308	0.5	6	7.42
50000	0.69999999	0.04252	177.3	0.00245	94	32.603082676336	0.5	7.33	12.66
50000	0.80000001	0.0372	177.7	0.00023	8.8	106.473888817869	0.5	8.67	34.77
100000	0.085	0.70028	128.2	0.3892	34000	1.70762993649093	0.5	2	2.13
100000	0.2	0.29762	164.7	0.29312	17000	2.43495379832965	0.5	2	2.2
100000	0.30000001	0.19841	170.4	0.17639	6700	3.85797874540542	0.5	2	2.4
100000	0.40000001	0.14881	173	0.08742	2500	6.35617809693844	0.5	3.33	3.92
100000	0.5	0.11905	174.5	0.03483	790	11.2260856935977	0.5	4.67	5.88
100000	0.60000002	0.09921	175.5	0.01044	200	22.199189174382	0.5	6	9.25
100000	0.69999999	0.08503	176.1	0.00205	36	52.7151685950069	0.5	7.33	18.22
200000	0.2	0.59524	151.8	0.14806	5000	4.4904342774391	0.5	2	2.5
200000	0.30000001	0.39683	164.4	0.10847	2300	6.57753753315023	0.5	2	2.93
200000	0.40000001	0.29762	169.1	0.05955	940	10.3406479487506	0.5	3.33	4.69
200000	0.5	0.2381	171.6	0.02513	320	17.7720004501463	0.5	4.67	7.32
200000	0.60000002	0.19841	173.2	0.0078	84	34.5953176022421	0.5	6	12.49
200000	0.69999999	0.17007	174.3	0.00157	15	81.3654041961324	0.5	7.33	26.76
500000	0.40000001	0.74405	152	0.01488	180	23.3376091320426	0.5	3.33	8.11
500000	0.5	0.59524	162	0.0082	77	36.1132108791229	0.5	4.67	12.35
500000	0.60000002	0.49603	166.5	0.00312	23	65.9334892145107	0.5	6	21.71
500000	0.69999999	0.42517	169.1	0.00072	4.6	147.962971719278	0.5	7.33	47.36
