 !*  File produced by HERAVerager and OT
 !*  Created on 20140725

&Data
  Name = "EIC CCep 18x275 realistic"
  Reaction = "CC e+-p"
  NData =    88
  NColumn =   11
  ColumnType = 6*"Bin",4*"Error","Sigma"
  ColumnName = "x","Q2","y","W","ignore", "lumi", "stat", "uncor","normCC18x275","ignore", "Sigma"

  TermName = 'R'
  TermSource = 'use:hf_scheme_DISCC'
  TermInfo = 'type=signonred:flav=incl:echarge=-1:epolarity=0'
  TheorExpr = 'R'

!  CInfo = "sqrt(S)", "e charge", "reduced", "e polarity"
!  DataInfo =     0.140712E+03,   -0.1000E+01,    0.0000E+00,    0.0000E+00,

  IndexDataset =   3001
  Percent = 172*true
&End
0.00678 110          0.819      1.611e+04     0.10035E+01      15.40	3.796871576	2	2.50      -5.81977117241      0.899734     
0.00958 110           0.58      1.137e+04     0.79116E+00      15.40	3.465600902	2	2.50      0.189437884118      0.754611     
0.0135  110           0.41           8018     0.59931E+00      15.40	3.54204798	2	2.50      2.0346367117        0.582152     	
0.0191  110          0.291           5645     0.43025E+00      15.40	3.440118542	2	2.50      -6.11240813099      0.384562     
0.027   110          0.206           3964     0.29829E+00      15.40	3.465600902	2	2.50      9.06507037901       0.309714     
0.0381  110          0.146           2775     0.20198E+00      15.40	3.440118542	2	2.50      -9.44107510057      0.174131     
0.0539  110          0.103           1932     0.13402E+00      15.40	3.643977419	2	2.50      3.61229615784       0.132196     
0.0761  110          0.073           1336     0.88056E-01      15.40	3.618495059	2	2.50      3.16912213762       0.086486     
0.108   110         0.0517            914     0.56919E-01      15.40	3.873318655	2	2.50      -0.88874978838      0.0537053    
0.152   110         0.0366          615.2     0.36695E-01      15.40	4.051695172	2	2.50      -2.9058487730       0.0339185    	
0.215   110         0.0259          403.7     0.22774E-01      15.40	4.306518768	2	2.50      0.62755797823       0.0218169    
0.303   110         0.0183          253.9     0.12998E-01      15.40	4.969060117	2	2.50      5.39412711949       0.0130416    	
0.428   110          0.013          147.9     0.57412E-02      15.40	6.472519331	2	2.50      4.95948536681       0.00573669   
0.605   110        0.00919          72.83     0.12183E-02      15.40	17.5828281	2	2.50     -12.3797305795       0.00101624   
0.854   110        0.00651          19.69     0.12748E-04      15.40	57.08048544	2	2.50      85.2490245745       2.2482e-05   
0.00958 130          0.685      1.344e+04     0.73508E+00      15.40	3.516565621	2	2.50      -0.30882685326      0.697635     
0.0135  130          0.485           9476     0.56666E+00      15.40	3.465600902	2	2.50      2.32392773025       0.551997     	
0.0191  130          0.343           6671     0.41451E+00      15.40	3.56753034	2	2.50      0.86469950164       0.398026     
0.027   130          0.243           4685     0.29096E+00      15.40	3.389153823	2	2.50      -2.03165110569      0.271366     	
0.0381  130          0.172           3279     0.19865E+00      15.40	3.465600902	2	2.50      -2.50277670671      0.184382     
0.0539  130          0.122           2284     0.13238E+00      15.40	3.56753034	2	2.50      -1.23395420318      0.124471     
0.0761  130         0.0863           1579     0.87189E-01      15.40	3.669459778	2	2.50      -0.78139090301      0.0823553    
0.108   130         0.0611           1080     0.56384E-01      15.40	3.745906857	2	2.50      1.53958240385       0.054504     
0.152   130         0.0432          726.9     0.36316E-01      15.40	4.000730453	2	2.50      1.57478755014       0.0351173    
0.215   130         0.0306          476.9     0.22485E-01      15.40	4.382965846	2	2.50      -1.36160893649      0.0211143    
0.303   130         0.0217          299.9     0.12777E-01      15.40	4.994542476	2	2.50      -2.52843355398      0.0118562    
0.428   130         0.0153          174.6     0.56033E-02      15.40	7.058613601	2	2.50      2.90993387492       0.00548957   	
0.605   130         0.0109          85.91     0.11750E-02      15.40	13.42920349	2	2.50      -2.38675480963      0.0010919    
0.854   130        0.00769          23.11     0.11995E-04      15.40	57.08048544	2	2.50      -11.5407580818      1.01014e-05  	
0.0135  200          0.746      1.458e+04     0.47413E+00      15.40	3.847836295	2	2.50     -0.1920859232        0.450505     
0.0191  200          0.528      1.026e+04     0.36189E+00      15.40	3.694942138	2	2.50     -4.3226766768        0.329627     
0.027   200          0.374           7207     0.26469E+00      15.40	3.54204798	2	2.50      7.87570555506       0.27183	     
0.0381  200          0.265           5044     0.18606E+00      15.40	3.516565621	2	2.50      1.49401352998       0.179775     	
0.0539  200          0.187           3513     0.12636E+00      15.40	3.618495059	2	2.50      2.28576246832       0.123044     	
0.0761  200          0.133           2429     0.84033E-01      15.40	3.949765734	2	2.50      1.06473552844       0.0808512    	
0.108   200          0.094           1661     0.54560E-01      15.40	4.000730453	2	2.50      6.87887824643       0.0555141    
0.152   200         0.0665           1118     0.35113E-01      15.40	4.204589329	2	2.50      4.66585556263       0.0349873    
0.215   200         0.0471          733.2     0.21627E-01      15.40	4.561342363	2	2.50      7.01534184467       0.0220333    	
0.303   200         0.0333          460.9     0.12164E-01      15.40	5.121954274	2	2.50      -0.73370437826      0.0114952    
0.428   200         0.0236          268.2     0.52409E-02      15.40	7.007648882	2	2.50      0.969564290668      0.00503771   
0.605   200         0.0167          131.7     0.10672E-02      15.40	12.28249731	2	2.50     -0.355314181506      0.00101236   	
0.854   200         0.0118          35.08     0.10254E-04      15.40	46.63271802	2	2.50      0.0345896538285     9.76518e-06  
0.027   400          0.748      1.441e+04     0.20665E+00      15.40	4.255554049	2	2.50      8.2467797875        0.212955     	
0.0381  400           0.53      1.009e+04     0.15387E+00      15.40	3.924283374	2	2.50      -1.1233945342       0.144839     
0.0539  400          0.375           7025     0.10978E+00      15.40	3.898801014	2	2.50      3.56639260768       0.108238     	
0.0761  400          0.265           4856     0.75454E-01      15.40	4.102659891	2	2.50      9.66447179648       0.0787744    	
0.108   400          0.188           3321     0.49835E-01      15.40	4.281036408	2	2.50      -2.5797215947       0.046219     	
0.152   400          0.133           2235     0.32249E-01      15.40	4.433930566	2	2.50      3.10054069692       0.0316529    	
0.215   400         0.0942           1466     0.19776E-01      15.40	4.867130678	2	2.50      6.17085656276       0.0199885    	
0.303   400         0.0667            921     0.10968E-01      15.40	5.580636746	2	2.50      1.2656447537        0.0105737    	
0.428   400         0.0472          535.5     0.46052E-02      15.40	7.568260793	2	2.50      4.20572891924       0.00456854   	
0.605   400         0.0334          262.5     0.89796E-03      15.40	13.81143889	2	2.50      -5.02222462952      0.000811925  
0.854   400         0.0237          69.28     0.78844E-05      15.40	80.52425625	2	2.50     -155.938341738       4.1987e-06   
0.0539  700          0.656      1.229e+04     0.90838E-01      15.40	4.663271802	2	2.50      -5.4455006261       0.0817686    	
0.0761  700          0.465           8498     0.64736E-01      15.40	4.7906836	2	2.50      3.55026331689       0.0638167    
0.108   700          0.329           5812     0.43900E-01      15.40	4.714236521	2	2.50      0.60513711752       0.0420457    	
0.152   700          0.233           3910     0.28772E-01      15.40	4.918095397	2	2.50      8.18173536134       0.029632     
0.215   700          0.165           2564     0.17669E-01      15.40	5.147436634	2	2.50      -3.3172478112       0.0162629    	
0.303   700          0.117           1611     0.97170E-02      15.40	6.447036972	2	2.50      0.15065989497       0.00926452   
0.428   700         0.0826          936.4     0.40055E-02      15.40	7.950496186	2	2.50      5.78081371344       0.00403367   
0.605   700         0.0585          458.7     0.75650E-03      15.40	15.51875698	2	2.50      32.5082537453       0.000954309  
0.854   700         0.0414          120.6     0.62123E-05      15.40	80.52425625	2	2.50      59.0378765117       9.40567e-06  	
0.0761  1e+03          0.664      1.214e+04   0.56547E-01      15.40	4.969060117	2	2.50      3.20352540854       0.0555573    	
0.108   1e+03           0.47           8302   0.39055E-01      15.40	4.816165959	2	2.50      0.828027415428      0.0374882    	
0.152   1e+03          0.333           5586   0.25906E-01      15.40	5.096471914	2	2.50      5.13982415258       0.0259301    	
0.215   1e+03          0.235           3663   0.15971E-01      15.40	5.096471914	2	2.50      -1.23772061876      0.0150162    	
0.303   1e+03          0.167           2301   0.87502E-02      15.40	6.319625174	2	2.50      -1.27714759466      0.0082238    	
0.428   1e+03          0.118           1337   0.35689E-02      15.40	9.020755288	2	2.50      0.550136726467      0.00341628   	
0.605   1e+03         0.0835           655    0.66136E-03      15.40	19.54496979	2	2.50     -15.9893183373       0.000528944  	
0.854   1e+03         0.0591          171.9   0.52168E-05      15.40	80.52425625	2	2.50      -2.42230561404      4.84609e-06  	
0.108   1.4e+03          0.658  1.162e+04     0.33910E-01      15.40	1.737896923	2	2.50      -4.51804057628      0.0308238    	
0.152   1.4e+03          0.466       7820     0.22760E-01      15.40	1.763379282	2	2.50      2.49055442569       0.0222072    	
0.215   1.4e+03           0.33       5127     0.14107E-01      15.40	1.865308721	2	2.50      -2.32834608753      0.0131172    	
0.303   1.4e+03          0.233       3221     0.77133E-02      15.40	2.214417047	2	2.50      2.36826012483       0.00751696   	
0.428   1.4e+03          0.165       1872     0.31174E-02      15.40	2.930471351	2	2.50      -0.79265913798      0.00294424   	
0.605   1.4e+03          0.117      916.6     0.56795E-03      15.40	5.682566185	2	2.50      0.344869138537      0.000542553  	
0.854   1.4e+03         0.0828      240.3     0.43199E-05      15.40	26.75647755	2	2.50      35.9129256641       5.58948e-06  
0.215   3e+03          0.706    1.099e+04     0.92677E-02      15.40	2.392793564	2	2.50      -4.79722423599      0.0083996    	
0.303   3e+03           0.5          6902     0.50605E-02      15.40	2.701130115	2	2.50      -4.1986538089       0.00461532   	
0.428   3e+03          0.354         4010     0.20105E-02      15.40	3.643977419	2	2.50      0.052131824498      0.00191499   	
0.605   3e+03          0.251         1963     0.35358E-03      15.40	6.956684163	2	2.50      -0.47332672079      0.000335015  
0.854   3e+03          0.177        513.9     0.24896E-05      15.40	26.75647755	2	2.50      4.33788720946       2.47291e-06  
0.303   5e+03          0.833     1.15e+04     0.33290E-02      15.40	2.828541912	2	2.50      -1.73459711719      0.00311424   	
0.428   5e+03           0.59         6683     0.13099E-02      15.40	3.159812587	2	2.50      -1.74878378341      0.00122522   
0.605   5e+03          0.418         3271     0.22555E-03      15.40	6.727342927	2	2.50      -0.538113870514     0.000213568  	
0.854   5e+03          0.296        855.9     0.15137E-05      15.40	40.26212812	2	2.50      59.5410901947       2.29905e-06  	
0.605   9e+03          0.752         5888     0.11517E-03      15.40	4.128142251	2	2.50      -0.59621115609      0.000108988  	
0.854   9e+03          0.532         1540     0.73410E-06      15.40	17.5828281	2	2.50      10.4490272025       7.71888e-07  
