 !*  File produced by HERAVerager and OT
 !*  Created on 20140725 - Modified for HERAPDF20_ALPHAS_118 on 6 May 2024 

&Data
  Name = "EIC CCep 18x275 realistic"
  Reaction = "CC e+-p"
  NData =    88
  NColumn =   11
  ColumnType = 6*"Bin",4*"Error","Sigma"
  ColumnName = "x","Q2","y","W","ignore", "lumi", "stat", "uncor","normCC18x275","ignore", "Sigma"

  TermName = 'R'
  TermSource = 'use:hf_scheme_DISCC'
  TermInfo = 'type=signonred:flav=incl:echarge=-1:epolarity=0'
  TheorExpr = 'R'

!  CInfo = "sqrt(S)", "e charge", "reduced", "e polarity"
!  DataInfo =     0.140712E+03,   -0.1000E+01,    0.0000E+00,    0.0000E+00,

  IndexDataset =   3001
  Percent = 172*true
&End
0.00678	110	0.819	16110.0	1.0035	15.4	3.796871576	2	2.5	-5.81977117241	0.9953325594505343
0.00958	110	0.58	11370.0	0.79116	15.4	3.465600902	2	2.5	0.189437884118	0.7637642000113765
0.0135	110	0.41	8018.0	0.59931	15.4	3.54204798	2	2.5	2.0346367117	0.6066052348144679
0.0191	110	0.291	5645.0	0.43025	15.4	3.440118542	2	2.5	-6.11240813099	0.4221701429310176
0.027	110	0.206	3964.0	0.29829	15.4	3.465600902	2	2.5	9.06507037901	0.2952826728090618
0.0381	110	0.146	2775.0	0.20198	15.4	3.440118542	2	2.5	-9.44107510057	0.19607903142789512
0.0539	110	0.103	1932.0	0.13402	15.4	3.643977419	2	2.5	3.61229615784	0.14042042342431782
0.0761	110	0.073	1336.0	0.088056	15.4	3.618495059	2	2.5	3.16912213762	0.08381107552552783
0.108	110	0.0517	914.0	0.056919	15.4	3.873318655	2	2.5	-0.88874978838	0.05458433097097897
0.152	110	0.0366	615.2	0.036695	15.4	4.051695172	2	2.5	-2.905848773	0.03551798802587893
0.215	110	0.0259	403.7	0.022774	15.4	4.306518768	2	2.5	0.62755797823	0.020789993520354946
0.303	110	0.0183	253.9	0.012998	15.4	4.969060117	2	2.5	5.39412711949	0.012516166814644103
0.428	110	0.013	147.9	0.0057412	15.4	6.472519331	2	2.5	4.95948536681	0.00579806884225102
0.605	110	0.00919	72.83	0.0012183	15.4	17.5828281	2	2.5	-12.3797305795	0.0013676428934717704
0.854	110	0.00651	19.69	1.2748e-05	15.4	57.08048544	2	2.5	85.2490245745	1.0912418304421715e-05
0.00958	130	0.685	13440.0	0.73508	15.4	3.516565621	2	2.5	-0.30882685326	0.7496215993750057
0.0135	130	0.485	9476.0	0.56666	15.4	3.465600902	2	2.5	2.32392773025	0.5728349070872467
0.0191	130	0.343	6671.0	0.41451	15.4	3.56753034	2	2.5	0.86469950164	0.37977700255598607
0.027	130	0.243	4685.0	0.29096	15.4	3.389153823	2	2.5	-2.03165110569	0.2784366098049526
0.0381	130	0.172	3279.0	0.19865	15.4	3.465600902	2	2.5	-2.50277670671	0.19517796502079537
0.0539	130	0.122	2284.0	0.13238	15.4	3.56753034	2	2.5	-1.23395420318	0.12191155383701253
0.0761	130	0.0863	1579.0	0.087189	15.4	3.669459778	2	2.5	-0.78139090301	0.0882720785864387
0.108	130	0.0611	1080.0	0.056384	15.4	3.745906857	2	2.5	1.53958240385	0.05615955420663058
0.152	130	0.0432	726.9	0.036316	15.4	4.000730453	2	2.5	1.57478755014	0.03514362057817953
0.215	130	0.0306	476.9	0.022485	15.4	4.382965846	2	2.5	-1.36160893649	0.018482548301785418
0.303	130	0.0217	299.9	0.012777	15.4	4.994542476	2	2.5	-2.52843355398	0.012693193991893496
0.428	130	0.0153	174.6	0.0056033	15.4	7.058613601	2	2.5	2.90993387492	0.006319657174730333
0.605	130	0.0109	85.91	0.001175	15.4	13.42920349	2	2.5	-2.38675480963	0.0013048640136655934
0.854	130	0.00769	23.11	1.1995e-05	15.4	57.08048544	2	2.5	-11.5407580818	9.696226276439761e-06
0.0135	200	0.746	14580.0	0.47413	15.4	3.847836295	2	2.5	-0.1920859232	0.45996410936443877
0.0191	200	0.528	10260.0	0.36189	15.4	3.694942138	2	2.5	-4.3226766768	0.36972359916969255
0.027	200	0.374	7207.0	0.26469	15.4	3.54204798	2	2.5	7.87570555506	0.2546661886928296
0.0381	200	0.265	5044.0	0.18606	15.4	3.516565621	2	2.5	1.49401352998	0.18547951435769594
0.0539	200	0.187	3513.0	0.12636	15.4	3.618495059	2	2.5	2.28576246832	0.12373217654238194
0.0761	200	0.133	2429.0	0.084033	15.4	3.949765734	2	2.5	1.06473552844	0.08388417247017253
0.108	200	0.094	1661.0	0.05456	15.4	4.000730453	2	2.5	6.87887824643	0.051290150807567006
0.152	200	0.0665	1118.0	0.035113	15.4	4.204589329	2	2.5	4.66585556263	0.038785883033640035
0.215	200	0.0471	733.2	0.021627	15.4	4.561342363	2	2.5	7.01534184467	0.02070778490092502
0.303	200	0.0333	460.9	0.012164	15.4	5.121954274	2	2.5	-0.73370437826	0.011785328280255032
0.428	200	0.0236	268.2	0.0052409	15.4	7.007648882	2	2.5	0.969564290668	0.005420093607011114
0.605	200	0.0167	131.7	0.0010672	15.4	12.28249731	2	2.5	-0.355314181506	0.0009700166054032685
0.854	200	0.0118	35.08	1.0254e-05	15.4	46.63271802	2	2.5	0.0345896538285	5.210361194659079e-06
0.027	400	0.748	14410.0	0.20665	15.4	4.255554049	2	2.5	8.2467797875	0.18848435181642134
0.0381	400	0.53	10090.0	0.15387	15.4	3.924283374	2	2.5	-1.1233945342	0.15697094964299232
0.0539	400	0.375	7025.0	0.10978	15.4	3.898801014	2	2.5	3.56639260768	0.1144372260827065
0.0761	400	0.265	4856.0	0.075454	15.4	4.102659891	2	2.5	9.66447179648	0.07792410748394023
0.108	400	0.188	3321.0	0.049835	15.4	4.281036408	2	2.5	-2.5797215947	0.050780257968348244
0.152	400	0.133	2235.0	0.032249	15.4	4.433930566	2	2.5	3.10054069692	0.03111578384203694
0.215	400	0.0942	1466.0	0.019776	15.4	4.867130678	2	2.5	6.17085656276	0.020512915574665534
0.303	400	0.0667	921.0	0.010968	15.4	5.580636746	2	2.5	1.2656447537	0.010320134671574529
0.428	400	0.0472	535.5	0.0046052	15.4	7.568260793	2	2.5	4.20572891924	0.004548567881561342
0.605	400	0.0334	262.5	0.00089796	15.4	13.81143889	2	2.5	-5.02222462952	0.000732656801664661
0.854	400	0.0237	69.28	7.8844e-06	15.4	80.52425625	2	2.5	-155.938341738	6.1607695924938145e-06
0.0539	700	0.656	12290.0	0.090838	15.4	4.663271802	2	2.5	-5.4455006261	0.08237456537632856
0.0761	700	0.465	8498.0	0.064736	15.4	4.7906836	2	2.5	3.55026331689	0.06692502392060931
0.108	700	0.329	5812.0	0.0439	15.4	4.714236521	2	2.5	0.60513711752	0.045537530167833865
0.152	700	0.233	3910.0	0.028772	15.4	4.918095397	2	2.5	8.18173536134	0.02972977748677483
0.215	700	0.165	2564.0	0.017669	15.4	5.147436634	2	2.5	-3.3172478112	0.015667703044294996
0.303	700	0.117	1611.0	0.009717	15.4	6.447036972	2	2.5	0.15065989497	0.01044212662676778
0.428	700	0.0826	936.4	0.0040055	15.4	7.950496186	2	2.5	5.78081371344	0.004164043035199275
0.605	700	0.0585	458.7	0.0007565	15.4	15.51875698	2	2.5	32.5082537453	0.0007215717353712324
0.854	700	0.0414	120.6	6.2123e-06	15.4	80.52425625	2	2.5	59.0378765117	7.298592355545464e-06
0.0761	1000	0.664	12140.0	0.056547	15.4	4.969060117	2	2.5	3.20352540854	0.051864075381796396
0.108	1000	0.47	8302.0	0.039055	15.4	4.816165959	2	2.5	0.828027415428	0.04239718492004153
0.152	1000	0.333	5586.0	0.025906	15.4	5.096471914	2	2.5	5.13982415258	0.023553235264191202
0.215	1000	0.235	3663.0	0.015971	15.4	5.096471914	2	2.5	-1.23772061876	0.016241511039540205
0.303	1000	0.167	2301.0	0.0087502	15.4	6.319625174	2	2.5	-1.27714759466	0.00787219406686064
0.428	1000	0.118	1337.0	0.0035689	15.4	9.020755288	2	2.5	0.550136726467	0.003935365371034297
0.605	1000	0.0835	655.0	0.00066136	15.4	19.54496979	2	2.5	-15.9893183373	0.0007699011172708375
0.854	1000	0.0591	171.9	5.2168e-06	15.4	80.52425625	2	2.5	-2.42230561404	1.4573662452799165e-05
0.108	1400	0.658	11620.0	0.03391	15.4	1.737896923	2	2.5	-4.51804057628	0.03362459714122277
0.152	1400	0.466	7820.0	0.02276	15.4	1.763379282	2	2.5	2.49055442569	0.022633810730819784
0.215	1400	0.33	5127.0	0.014107	15.4	1.865308721	2	2.5	-2.32834608753	0.014097047424639941
0.303	1400	0.233	3221.0	0.0077133	15.4	2.214417047	2	2.5	2.36826012483	0.007319772140100285
0.428	1400	0.165	1872.0	0.0031174	15.4	2.930471351	2	2.5	-0.79265913798	0.0030627877229376026
0.605	1400	0.117	916.6	0.00056795	15.4	5.682566185	2	2.5	0.344869138537	0.0005300430421681639
0.854	1400	0.0828	240.3	4.3199e-06	15.4	26.75647755	2	2.5	35.9129256641	5.989224227805743e-06
0.215	3000	0.706	10990.0	0.0092677	15.4	2.392793564	2	2.5	-4.79722423599	0.009324407455845108
0.303	3000	0.5	6902.0	0.0050605	15.4	2.701130115	2	2.5	-4.1986538089	0.004864538315859543
0.428	3000	0.354	4010.0	0.0020105	15.4	3.643977419	2	2.5	0.052131824498	0.0018915698924428172
0.605	3000	0.251	1963.0	0.00035358	15.4	6.956684163	2	2.5	-0.47332672079	0.00033218348517573504
0.854	3000	0.177	513.9	2.4896e-06	15.4	26.75647755	2	2.5	4.33788720946	1.678731851783169e-06
0.303	5000	0.833	11500.0	0.003329	15.4	2.828541912	2	2.5	-1.73459711719	0.0033890945246096453
0.428	5000	0.59	6683.0	0.0013099	15.4	3.159812587	2	2.5	-1.74878378341	0.0013596893129118634
0.605	5000	0.418	3271.0	0.00022555	15.4	6.727342927	2	2.5	-0.538113870514	0.00023814486603079892
0.854	5000	0.296	855.9	1.5137e-06	15.4	40.26212812	2	2.5	59.5410901947	1.3205164444345673e-06
0.605	9000	0.752	5888.0	0.00011517	15.4	4.128142251	2	2.5	-0.59621115609	0.0001048558476596443
0.854	9000	0.532	1540.0	7.341e-07	15.4	17.5828281	2	2.5	10.4490272025	4.834947230658275e-07
