*
* The data are taken from: Max scenario B
*
*
*
&Data
   Name  = 'LHEC NC ele pp cross section D8:datlhec760lowLncemppol'
   IndexDataset = 2008
   Reaction = 'NC e+-p'

 ! Data table definitions:
   NData   =  100
   NColumn =  19   ! 3 bins, 3 ignore  sigma and 9 errors

 ! Layout of the data table columns: 3 bins, cross-section and 9 errors
 ! The following types are predefined: Bin, Sigma, Error and Dummy (case sensitive!)
  ColumnType = 6*'Bin','Sigma', 'Dummy', 11*'Error'

  ColumnName = 'Q2','x', 'y',3*'ignore', 'reduced x-section','ignore', 'stat','uncor', 2*'ignore','eelen', 'ethee', 'ehadr', 'radco', 'egamp', 'effic', 'enois'

 ! options for bins: depends on Reaction type, for NC e+-p these are 'x', 'Q2' and 'y'
 ! options for the errors: 'stat', 'uncor', 'ignore' or different names for correlated uncertainties


 ! Extra information for the x-section calculation:
   !NInfo    = 4
   !DataInfo =  1296 ,     -1.  ,  1.     ,   0.8
   !CInfo    = 'sqrt(S)','e charge','reduced','e polarity'

   TermName = 'R'
   TermSource = 'use:hf_scheme_DISNC'
   TermInfo = 'type=sigred:flav=incl:echarge=-1:epolarity=0.8'
   TheorExpr = 'R'

   Percent  = 19*True

&END
*        Ep        Ee   eCharge      ePol    Lumifb    lhapdf        NC        CC     itarg    erunco 1 0.5
*     7000.       60.       -1.      0.8     10.0     21000         1         0         1      0.70 1 0.5
*
*      q2         x       y  thetae  thetaj        f2    sigrNC    nevent estat eunco esyst  etot eelen ethee ehadr radco egamp effic enois 

2	2e-06	0.5952	177.9	1.4	2.55899	1.5105972903608775	4500000000.0	0.173205080756888	0.5	1.19	1.29	0.05	0.27	0.07	0.3	1	0.5	0.0
2	5e-06	0.2381	178.5	4.9	1.63468	1.2973390053610991	3400000000.0	0.173205080756888	0.5	0.78	0.92	0.06	0.5	0.07	0.3	0	0.5	0.0
2	8.5e-06	0.1401	178.5	8.9	1.36712	1.161659313199995	1300000000.0	0.173205080756888	0.5	0.84	0.98	0.07	0.6	0.1	0.3	0	0.5	0.0
2	2e-05	0.0595	178.6	21.7	1.05922	0.9838425100480029	3500000000.0	0.173205080756888	0.5	0.9	1.03	0.08	0.68	0.1	0.3	0	0.5	0.0
2	5e-05	0.0238	178.6	52.1	0.85115	0.8305589297110435	2200000000.0	0.173205080756888	0.5	0.95	1.08	0.08	0.74	0.1	0.3	0	0.5	0.0
2	8.5e-05	0.014	178.6	79.8	0.76217	0.7574369365034413	840000000.0	0.173205080756888	0.5	0.97	1.09	0.09	0.77	0.09	0.3	0	0.5	0.0
2	0.0002	0.006	178.6	126.3	0.64789	0.6446271946635159	2200000000.0	0.173205080756888	0.5	1.98	2.04	0.09	0.79	0.09	0.3	0	0.5	1.71
2	0.0005	0.0024	178.6	157.1	0.55182	0.5432744009573809	1500000000.0	0.173205080756888	0.5	2.24	2.29	0.09	0.8	0.08	0.3	0	0.5	2.0
2	0.00085	0.0014	178.6	166.4	0.50554	0.500222323883083	490000000.0	0.173205080756888	0.5	2.38	2.43	0.09	0.78	0.08	0.3	0	0.5	2.17
5	5e-06	0.5952	176.6	2.3	3.18775	1.8093548647521216	2400000000.0	0.173205080756888	0.5	1.2	1.3	0.08	0.32	0.06	0.3	1	0.5	0.0
5	8.5e-06	0.3501	177.4	4.9	2.55745	1.6623920450058494	1100000000.0	0.173205080756888	0.5	0.7	0.86	0.08	0.37	0.06	0.3	0	0.5	0.0
5	2e-05	0.1488	177.7	13.2	1.85422	1.4708027993559214	2900000000.0	0.173205080756888	0.5	0.71	0.87	0.07	0.39	0.09	0.3	0	0.5	0.0
5	5e-05	0.0595	177.8	33.8	1.40671	1.27613003794671	1800000000.0	0.173205080756888	0.5	0.72	0.87	0.07	0.4	0.11	0.3	0	0.5	0.0
5	8.5e-05	0.035	177.8	55.2	1.22442	1.1670224137099057	680000000.0	0.173205080756888	0.5	0.72	0.88	0.07	0.41	0.11	0.3	0	0.5	0.0
5	0.0002	0.0149	177.8	102.4	0.99916	1.00731597185889	1800000000.0	0.173205080756888	0.5	0.73	0.88	0.07	0.42	0.1	0.3	0	0.5	0.0
5	0.0005	0.006	177.9	144.5	0.81692	0.8270625437022859	1100000000.0	0.173205080756888	0.5	1.87	1.93	0.08	0.44	0.1	0.3	0	0.5	1.71
5	0.00085	0.0035	177.9	158.7	0.73107	0.7410796744355167	420000000.0	0.173205080756888	0.5	2.02	2.09	0.08	0.46	0.1	0.3	0	0.5	1.88
5	0.002	0.0015	177.9	170.9	0.61587	0.6291426240678121	1000000000.0	0.173205080756888	0.5	2.28	2.33	0.08	0.47	0.09	0.3	0	0.5	2.15
10	8.5e-06	0.7003	174.5	2.4	3.77657	2.1910737136590916	340000000.0	0.173205080756888	0.5	1.18	1.28	0.09	0.19	0.04	0.3	1	0.5	0.0
10	2e-05	0.2976	176.4	8.5	2.71642	2.0009889353024843	990000000.0	0.173205080756888	0.5	0.65	0.82	0.08	0.27	0.03	0.3	0	0.5	0.0
10	5e-05	0.119	176.8	23.5	2.02194	1.7420627387449952	690000000.0	0.173205080756888	0.5	0.66	0.83	0.08	0.29	0.09	0.3	0	0.5	0.0
10	8.5e-05	0.07	176.9	39.9	1.7341	1.5924931601911994	260000000.0	0.173205080756888	0.5	0.67	0.84	0.08	0.3	0.1	0.3	0	0.5	0.0
10	0.0002	0.0298	176.9	82.2	1.37628	1.3273218413320846	670000000.0	0.173205080756888	0.5	0.68	0.84	0.08	0.31	0.11	0.3	0	0.5	0.0
10	0.0005	0.0119	177.0	131.1	1.08788	1.0970577836106175	410000000.0	0.173205080756888	0.5	0.69	0.85	0.09	0.33	0.12	0.3	0	0.5	0.0
10	0.00085	0.007	177.0	150.1	0.95329	0.9677921672897516	150000000.0	0.173205080756888	0.5	1.8	1.87	0.09	0.34	0.12	0.3	0	0.5	1.66
10	0.002	0.003	177.0	167.1	0.77452	0.8242362090891665	390000000.0	0.173205080756888	0.5	2.05	2.11	0.09	0.36	0.12	0.3	0	0.5	1.93
10	0.005	0.0012	177.0	174.8	0.62744	0.6587688584743004	170000000.0	0.173205080756888	0.5	2.33	2.38	0.1	0.37	0.11	0.3	0	0.5	2.22
20	2e-05	0.5952	173.3	4.6	3.77686	2.534887068194871	680000000.0	0.173205080756888	0.5	1.17	1.27	0.09	0.16	0.01	0.3	1	0.5	0.0
20	5e-05	0.2381	175.1	15.6	2.77114	2.2405116504869502	570000000.0	0.173205080756888	0.5	0.63	0.8	0.09	0.22	0.04	0.3	0	0.5	0.0
20	8.5e-05	0.1401	175.4	27.7	2.34743	2.0132614985243156	220000000.0	0.173205080756888	0.5	0.64	0.81	0.09	0.23	0.09	0.3	0	0.5	0.0
20	0.0002	0.0595	175.6	62.5	1.81838	1.674111464615443	590000000.0	0.173205080756888	0.5	0.65	0.82	0.09	0.24	0.11	0.3	0	0.5	0.0
20	0.0005	0.0238	175.7	114.2	1.39438	1.3551709777345922	360000000.0	0.173205080756888	0.5	0.66	0.83	0.09	0.26	0.13	0.3	0	0.5	0.0
20	0.00085	0.014	175.7	138.5	1.1987	1.2124826869685645	130000000.0	0.173205080756888	0.5	0.66	0.83	0.1	0.27	0.13	0.3	0	0.5	0.0
20	0.002	0.006	175.7	161.8	0.9422	0.9635580410558222	320000000.0	0.173205080756888	0.5	1.84	1.91	0.1	0.28	0.13	0.3	0	0.5	1.71
20	0.005	0.0024	175.7	172.7	0.73444	0.777143524158352	200000000.0	0.173205080756888	0.5	2.11	2.17	0.1	0.29	0.13	0.3	0	0.5	2.0
20	0.0085	0.0014	175.7	175.7	0.64123	0.6757331824541833	61000000.0	0.173205080756888	0.5	2.27	2.33	0.11	0.29	0.12	0.3	0	0.5	2.17
50	5e-05	0.5952	169.4	7.2	4.03221	3.004426710435289	320000000.0	0.173205080756888	0.5	1.17	1.27	0.1	0.12	0.01	0.3	1	0.5	0.0
50	8.5e-05	0.3501	171.6	15.5	3.36549	2.733188915275601	140000000.0	0.173205080756888	0.5	0.61	0.79	0.1	0.15	0.02	0.3	0	0.5	0.0
50	0.0002	0.1488	172.7	40.1	2.53267	2.2727717771872578	400000000.0	0.173205080756888	0.5	0.62	0.8	0.1	0.17	0.09	0.3	0	0.5	0.0
50	0.0005	0.0595	173.0	87.7	1.87297	1.791264396114125	250000000.0	0.173205080756888	0.5	0.63	0.81	0.1	0.18	0.13	0.3	0	0.5	0.0
50	0.00085	0.035	173.1	117.7	1.57355	1.544044464177123	90000000.0	0.173205080756888	0.5	0.64	0.81	0.1	0.19	0.14	0.3	0	0.5	0.0
50	0.002	0.0149	173.2	151.4	1.18833	1.2225514054110418	220000000.0	0.173205080756888	0.5	0.64	0.81	0.11	0.2	0.15	0.3	0	0.5	0.0
50	0.005	0.006	173.2	168.4	0.88381	0.9124666472321501	130000000.0	0.173205080756888	0.5	1.83	1.9	0.11	0.2	0.15	0.3	0	0.5	1.71
50	0.0085	0.0035	173.2	173.2	0.74949	0.8079539650225439	45000000.0	0.173205080756888	0.5	1.99	2.05	0.11	0.21	0.15	0.3	0	0.5	1.88
100	8.5e-05	0.7003	162.7	7.5	4.21424	3.13253830969266	38000000.0	0.173205080756888	0.5	1.16	1.27	0.11	0.07	0.0	0.3	1	0.5	0.0
100	0.0002	0.2976	168.6	26.4	3.1142	2.6923963535798165	110000000.0	0.173205080756888	0.5	0.6	0.78	0.11	0.11	0.03	0.3	0	0.5	0.0
100	0.0005	0.119	169.9	66.6	2.25131	2.1265019247064854	77000000.0	0.173205080756888	0.5	0.62	0.79	0.11	0.13	0.11	0.3	0	0.5	0.0
100	0.00085	0.07	170.1	97.9	1.86439	1.7846550882817978	28000000.0	0.173205080756888	0.5	0.63	0.8	0.11	0.13	0.14	0.3	0	0.5	0.0
100	0.002	0.0298	170.3	140.1	1.37296	1.3839591773538458	68000000.0	0.173205080756888	0.5	0.63	0.81	0.12	0.14	0.16	0.3	0	0.5	0.0
100	0.005	0.0119	170.4	163.6	0.99125	1.0545693749166338	38000000.0	0.173205080756888	0.5	0.64	0.81	0.12	0.15	0.17	0.3	0	0.5	0.0
100	0.0085	0.007	170.4	170.4	0.82515	0.8472551238609589	13000000.0	0.173205080756888	0.5	1.78	1.85	0.12	0.15	0.17	0.3	0	0.5	1.66
100	0.03	0.002	170.5	177.3	0.555	0.574929934134793	42000000.0	0.173205080756888	0.5	2.15	2.21	0.12	0.15	0.15	0.3	0	0.5	2.06
300	0.0002	0.8929	132.4	6.1	4.07164	3.008770535119768	70000000.0	0.173205080756888	0.5	1.16	1.27	0.11	0.05	0.04	0.3	1	0.5	0.0
300	0.0005	0.3571	159.6	35.9	2.85696	2.610856398333568	72000000.0	0.173205080756888	0.5	0.6	0.78	0.12	0.07	0.05	0.3	0	0.5	0.0
300	0.00085	0.2101	161.6	62.8	2.32165	2.1914947476286577	28000000.0	0.173205080756888	0.5	0.61	0.79	0.12	0.08	0.1	0.3	0	0.5	0.0
300	0.002	0.0893	162.8	114.1	1.65413	1.6477999410566055	70000000.0	0.173205080756888	0.5	0.62	0.8	0.12	0.09	0.15	0.3	0	0.5	0.0
300	0.005	0.0357	163.3	151.7	1.14842	1.1755237502916747	39000000.0	0.173205080756888	0.5	0.63	0.8	0.13	0.09	0.18	0.3	0	0.5	0.0
300	0.0085	0.021	163.4	163.3	0.93283	0.9721464787441786	13000000.0	0.173205080756888	0.5	0.63	0.81	0.13	0.1	0.18	0.3	0	0.5	0.0
300	0.03	0.006	163.5	175.3	0.58907	0.6252141721605485	41000000.0	0.173205080756888	0.5	1.82	1.89	0.13	0.1	0.17	0.3	0	0.5	1.71
300	0.1	0.0018	163.6	178.6	0.39904	0.40378435705274146	16000000.0	0.173205080756888	0.5	2.18	2.24	0.13	0.1	0.16	0.3	0	0.5	2.09
1000	0.00085	0.7003	128.6	23.3	2.80821	2.400749816193756	4200000.0	0.173205080756888	0.5	1.17	1.27	0.13	0.03	0.03	0.3	1	0.5	0.0
1000	0.002	0.2976	145.1	73.2	1.94285	1.8014749236528251	14000000.0	0.173205080756888	0.5	0.6	0.78	0.13	0.04	0.07	0.3	0	0.5	0.0
1000	0.005	0.119	148.6	128.6	1.30271	1.304138043191878	8600000.0	0.173205080756888	0.5	0.62	0.8	0.13	0.05	0.15	0.3	0	0.5	0.0
1000	0.0085	0.07	149.4	149.2	1.03531	1.0408845256560524	3000000.0	0.173205080756888	0.5	0.63	0.8	0.13	0.05	0.18	0.3	0	0.5	0.0
1000	0.03	0.0198	150.2	171.3	0.61792	0.633590633748003	8900000.0	0.173205080756888	0.5	0.63	0.8	0.13	0.05	0.18	0.3	0	0.5	0.0
1000	0.1	0.006	150.4	177.4	0.39541	0.39573181116323447	3900000.0	0.173205080756888	0.5	1.83	1.89	0.14	0.05	0.19	0.3	0	0.5	1.71
1000	0.2	0.003	150.4	178.7	0.28386	0.28829441985831905	1800000.0	0.173205080756888	0.5	2.07	2.13	0.19	0.07	0.41	0.3	0	0.5	1.93
1000	0.40000001	0.0015	150.5	179.4	0.12412	0.12934658282484587	350000.0	0.294448637286709	0.5	2.54	2.59	0.34	0.13	1.16	0.3	0	0.5	2.15
3000	0.002	0.8929	71.3	19.0	2.18779	1.7796670925836187	1200000.0	0.173205080756888	0.5	1.17	1.27	0.14	0.02	0.04	0.3	1	0.5	0.0
3000	0.005	0.3571	120.7	91.4	1.42854	1.3452530467158166	2200000.0	0.173205080756888	0.5	0.6	0.79	0.14	0.02	0.07	0.3	0	0.5	0.0
3000	0.0085	0.2101	125.6	125.2	1.11658	1.0848023977044863	840000.0	0.190525588832576	0.5	0.61	0.8	0.14	0.03	0.13	0.3	0	0.5	0.0
3000	0.03	0.0595	129.6	164.7	0.63835	0.6198040827459652	2700000.0	0.173205080756888	0.5	0.62	0.8	0.14	0.03	0.17	0.3	0	0.5	0.0
3000	0.1	0.0179	130.5	175.5	0.39095	0.3815199296017078	1100000.0	0.173205080756888	0.5	0.63	0.81	0.14	0.03	0.2	0.3	0	0.5	0.0
3000	0.2	0.0089	130.7	177.7	0.27197	0.2663750113848863	530000.0	0.242487113059643	0.5	1.76	1.83	0.19	0.04	0.43	0.3	0	0.5	1.59
3000	0.40000001	0.0045	130.8	178.9	0.11311	0.11274685349745704	110000.0	0.519615242270663	0.5	2.32	2.39	0.36	0.08	1.28	0.3	0	0.5	1.8
3000	0.60000002	0.003	130.9	179.3	0.02729	0.026443377424303024	13000.0	1.5415252187363	0.5	3.41	3.56	0.65	0.14	2.66	0.3	0	0.5	1.93
3000	0.80000001	0.0022	130.9	179.4	0.00199	0.0010753718186931969	4300.0	2.65003773558038	0.5	5.5	5.73	1.11	0.25	4.95	0.3	0	0.5	2.02
10000	0.0085	0.7003	66.6	66.2	1.1943	1.1414450769855102	180000.0	0.415692193816531	0.5	1.17	1.29	0.14	0.01	0.06	0.3	1	0.5	0.0
10000	0.03	0.1984	94.1	150.2	0.65585	0.663710646723228	750000.0	0.207846096908265	0.5	0.61	0.8	0.14	0.02	0.11	0.3	0	0.5	0.0
10000	0.1	0.0595	98.7	171.6	0.38539	0.3802798024873598	350000.0	0.294448637286709	0.5	0.63	0.82	0.15	0.02	0.19	0.3	0	0.5	0.0
10000	0.2	0.0298	99.5	175.8	0.26012	0.2522064112428319	160000.0	0.433012701892219	0.5	0.76	0.95	0.2	0.02	0.45	0.3	0	0.5	0.0
10000	0.40000001	0.0149	100.0	177.9	0.10305	0.10775741545340058	31000.0	0.98726896031426	0.5	1.49	1.67	0.37	0.05	1.32	0.3	0	0.5	0.0
10000	0.60000002	0.0099	100.1	178.6	0.02369	0.022038254622821857	3400.0	2.96180688094278	0.5	3.27	3.72	0.66	0.08	2.73	0.3	0	0.5	1.55
10000	0.80000001	0.0074	100.2	179.0	0.00162	0.0007824095515048786	1200.0	5.10954988232819	0.5	5.45	6.22	1.12	0.14	5.04	0.3	0	0.5	1.64
30000	0.03	0.5952	47.6	114.1	0.66832	0.7834302512866929	150000.0	0.450333209967908	0.5	1.17	1.3	0.15	0.01	0.09	0.3	1	0.5	0.0
30000	0.1	0.1786	64.3	164.5	0.37998	0.42383269224979075	110000.0	0.536935750346352	0.5	0.62	0.85	0.15	0.01	0.14	0.3	0	0.5	0.0
30000	0.2	0.0893	66.9	172.6	0.25025	0.2685581620721994	48000.0	0.796743371481684	0.5	0.76	1.02	0.2	0.01	0.45	0.3	0	0.5	0.0
30000	0.40000001	0.0446	68.2	176.4	0.09527	0.10154405756386929	9100.0	1.81865334794732	0.5	1.51	1.91	0.38	0.03	1.34	0.3	0	0.5	0.0
30000	0.60000002	0.0298	68.6	177.6	0.02105	0.017287686871786383	980.0	5.54256258422041	0.5	2.93	4.37	0.67	0.05	2.79	0.3	0	0.5	0.0
30000	0.80000001	0.0223	68.8	178.2	0.00136	0.0006696484886174606	320.0	9.7168050304614	0.5	5.27	7.72	1.14	0.08	5.11	0.3	0	0.5	0.0
100000	0.1	0.5952	27.1	140.9	0.37391	0.5421112416888835	24000.0	1.10851251684408	0.5	1.17	1.43	0.15	0.0	0.08	0.3	1	0.5	0.0
100000	0.2	0.2976	35.3	164.7	0.24037	0.3262425589636328	15000.0	1.43760217028217	0.5	0.73	1.21	0.21	0.01	0.39	0.3	0	0.5	0.0
100000	0.40000001	0.1488	38.6	173.0	0.08796	0.11212312191203783	2700.0	3.32553755053224	0.5	1.51	2.49	0.39	0.01	1.33	0.3	0	0.5	0.0
100000	0.60000002	0.0992	39.6	175.5	0.01867	0.021417271278016143	280.0	10.3057023050348	0.5	2.96	6.66	0.68	0.03	2.82	0.3	0	0.5	0.0
100000	0.80000001	0.0744	40.1	176.6	0.00114	0.0004743404736291143	89.0	18.3250975440787	0.5	5.33	11.85	1.15	0.04	5.17	0.3	0	0.5	0.0
300000	0.2	0.8929	8.2	118.3	0.23209	0.42559000616134834	3100.0	3.10037094554829	0.5	1.24	2.23	0.22	0.0	0.4	0.3	1	0.5	0.0
300000	0.40000001	0.4464	18.5	165.0	0.08216	0.12063658399262125	780.0	6.21806239917227	0.5	1.46	3.9	0.4	0.01	1.27	0.3	0	0.5	0.0
300000	0.60000002	0.2976	20.8	171.1	0.01687	0.019061885669033468	79.0	19.4509305689985	0.5	2.93	11.62	0.69	0.01	2.78	0.3	0	0.5	0.0
300000	0.80000001	0.2232	21.9	173.6	0.00099	-2.563363606013268e-06	25.0	34.9527852967399	0.5	5.33	20.88	1.17	0.02	5.17	0.3	0	0.5	0.0
1000000	0.80000001	0.744	6.9	160.0	0.00085	0.00079096	5.5	73.9758899912667	0.5	5.44	43.06	1.18	0.01	5.18	0.3	1	0.5	0.0
