* Theory file for EIC NCep 18x275 realistic
&Data 
   Name = "Theory for EIC NCep 18x275 realistic"
   NData =   207
   NColumn =     7
   ColumnType = 6*"Bin","Theory",  0*"Error"
   ColumnName = "lumi","x","Q2","y","ignore","W","theory","norm18x275+","norm18x275-"
   Percent =   0*True
&End 
  0.154000E+02  0.515000E-04  0.515000E+00  0.505000E+00  0.154110E+00  0.100000E+05  0.276666E+07
  0.154000E+02  0.815000E-04  0.515000E+00  0.319000E+00  0.150970E+00  0.631000E+04  0.174286E+07
  0.154000E+02  0.815000E-04  0.815000E+00  0.505000E+00  0.148960E+00  0.100000E+05  0.437825E+07
  0.154000E+02  0.129000E-03  0.515000E+00  0.201000E+00  0.148710E+00  0.398100E+04  0.111581E+07
  0.154000E+02  0.129000E-03  0.815000E+00  0.319000E+00  0.147230E+00  0.631000E+04  0.275814E+07
  0.154000E+02  0.129000E-03  0.129000E+01  0.505000E+00  0.622010E+00  0.100000E+05  0.572228E+00
  0.154000E+02  0.205000E-03  0.515000E+00  0.127000E+00  0.146710E+00  0.251200E+04  0.745044E+06
  0.154000E+02  0.205000E-03  0.815000E+00  0.201000E+00  0.145610E+00  0.398100E+04  0.176584E+07
  0.154000E+02  0.205000E-03  0.129000E+01  0.319000E+00  0.570900E+00  0.630900E+04  0.528229E+00
  0.154000E+02  0.205000E-03  0.205000E+01  0.505000E+00  0.673890E+00  0.999900E+04  0.642962E+00
  0.154000E+02  0.325000E-03  0.515000E+00  0.800000E-01  0.144860E+00  0.158500E+04  0.520382E+06
  0.154000E+02  0.325000E-03  0.815000E+00  0.127000E+00  0.144060E+00  0.251200E+04  0.117912E+07
  0.154000E+02  0.325000E-03  0.129000E+01  0.201000E+00  0.528880E+00  0.398100E+04  0.483253E+00
  0.154000E+02  0.325000E-03  0.205000E+01  0.319000E+00  0.628750E+00  0.630800E+04  0.598671E+00
  0.154000E+02  0.325000E-03  0.325000E+01  0.505000E+00  0.740390E+00  0.999800E+04  0.728049E+00
  0.154000E+02  0.515000E-03  0.515000E+00  0.505000E-01  0.143110E+00  0.100000E+04  0.383924E+06
  0.154000E+02  0.515000E-03  0.815000E+00  0.800000E-01  0.142550E+00  0.158500E+04  0.823603E+06
  0.154000E+02  0.515000E-03  0.129000E+01  0.127000E+00  0.492650E+00  0.251100E+04  0.443361E+00
  0.154000E+02  0.515000E-03  0.205000E+01  0.201000E+00  0.586380E+00  0.398000E+04  0.554547E+00
  0.154000E+02  0.515000E-03  0.325000E+01  0.319000E+00  0.695320E+00  0.630700E+04  0.681084E+00
  0.154000E+02  0.515000E-03  0.515000E+01  0.505000E+00  0.815930E+00  0.999600E+04  0.811695E+00
  0.154000E+02  0.815000E-03  0.515000E+00  0.319000E-01  0.141460E+00  0.631300E+03  0.299731E+06
  0.154000E+02  0.815000E-03  0.815000E+00  0.505000E-01  0.141110E+00  0.100000E+04  0.607663E+06
  0.154000E+02  0.815000E-03  0.129000E+01  0.800000E-01  0.461230E+00  0.158400E+04  0.409918E+00
  0.154000E+02  0.815000E-03  0.205000E+01  0.127000E+00  0.547390E+00  0.251100E+04  0.514979E+00
  0.154000E+02  0.815000E-03  0.325000E+01  0.201000E+00  0.647270E+00  0.397900E+04  0.631995E+00
  0.154000E+02  0.815000E-03  0.515000E+01  0.319000E+00  0.764310E+00  0.630500E+04  0.758535E+00
  0.154000E+02  0.815000E-03  0.815000E+01  0.505000E+00  0.880300E+00  0.999300E+04  0.879596E+00
  0.154000E+02  0.129000E-02  0.515000E+00  0.201000E-01  0.139920E+00  0.398500E+03  0.247065E+06
  0.154000E+02  0.129000E-02  0.815000E+00  0.319000E-01  0.139750E+00  0.631000E+03  0.474430E+06
  0.154000E+02  0.129000E-02  0.129000E+01  0.505000E-01  0.434060E+00  0.999600E+03  0.382819E+00
  0.154000E+02  0.129000E-02  0.205000E+01  0.800000E-01  0.511900E+00  0.158400E+04  0.480777E+00
  0.154000E+02  0.129000E-02  0.325000E+01  0.127000E+00  0.600800E+00  0.251000E+04  0.586232E+00
  0.154000E+02  0.129000E-02  0.515000E+01  0.201000E+00  0.705590E+00  0.397700E+04  0.700258E+00
  0.154000E+02  0.129000E-02  0.815000E+01  0.319000E+00  0.818480E+00  0.630200E+04  0.817383E+00
  0.154000E+02  0.129000E-02  0.129000E+02  0.505000E+00  0.922780E+00  0.998800E+04  0.923576E+00
  0.154000E+02  0.205000E-02  0.515000E+00  0.127000E-01  0.138500E+00  0.251600E+03  0.214334E+06
  0.154000E+02  0.205000E-02  0.815000E+00  0.201000E-01  0.138460E+00  0.398200E+03  0.391088E+06
  0.154000E+02  0.205000E-02  0.129000E+01  0.319000E-01  0.410610E+00  0.630500E+03  0.361580E+00
  0.154000E+02  0.205000E-02  0.205000E+01  0.505000E-01  0.479690E+00  0.998800E+03  0.451676E+00
  0.154000E+02  0.205000E-02  0.325000E+01  0.800000E-01  0.557190E+00  0.158300E+04  0.544961E+00
  0.154000E+02  0.205000E-02  0.515000E+01  0.127000E+00  0.647730E+00  0.250800E+04  0.644397E+00
  0.154000E+02  0.205000E-02  0.815000E+01  0.201000E+00  0.747140E+00  0.397400E+04  0.747612E+00
  0.154000E+02  0.205000E-02  0.129000E+02  0.319000E+00  0.849100E+00  0.629800E+04  0.850407E+00
  0.154000E+02  0.205000E-02  0.205000E+02  0.505000E+00  0.938690E+00  0.998000E+04  0.939332E+00
  0.154000E+02  0.325000E-02  0.515000E+00  0.800000E-02  0.137210E+00  0.158900E+03  0.193665E+06
  0.154000E+02  0.325000E-02  0.815000E+00  0.127000E-01  0.137270E+00  0.251300E+03  0.339292E+06
  0.154000E+02  0.325000E-02  0.129000E+01  0.201000E-01  0.390870E+00  0.397700E+03  0.346025E+00
  0.154000E+02  0.325000E-02  0.205000E+01  0.319000E-01  0.451250E+00  0.629800E+03  0.427740E+00
  0.154000E+02  0.325000E-02  0.325000E+01  0.505000E-01  0.517740E+00  0.997600E+03  0.508961E+00
  0.154000E+02  0.325000E-02  0.515000E+01  0.800000E-01  0.594430E+00  0.158100E+04  0.593956E+00
  0.154000E+02  0.325000E-02  0.815000E+01  0.127000E+00  0.678650E+00  0.250500E+04  0.681538E+00
  0.154000E+02  0.325000E-02  0.129000E+02  0.201000E+00  0.767270E+00  0.396900E+04  0.770467E+00
  0.154000E+02  0.325000E-02  0.205000E+02  0.319000E+00  0.855300E+00  0.629000E+04  0.857022E+00
  0.154000E+02  0.325000E-02  0.325000E+02  0.505000E+00  0.925840E+00  0.996800E+04  0.928125E+00
  0.154000E+02  0.515000E-02  0.515000E+00  0.505000E-02  0.136050E+00  0.100400E+03  0.180739E+06
  0.154000E+02  0.515000E-02  0.815000E+00  0.800000E-02  0.136170E+00  0.158600E+03  0.306583E+06
  0.154000E+02  0.515000E-02  0.129000E+01  0.127000E-01  0.374590E+00  0.250800E+03  0.336015E+00
  0.154000E+02  0.515000E-02  0.205000E+01  0.201000E-01  0.426610E+00  0.396900E+03  0.408696E+00
  0.154000E+02  0.515000E-02  0.325000E+01  0.319000E-01  0.482790E+00  0.628600E+03  0.478149E+00
  0.154000E+02  0.515000E-02  0.515000E+01  0.505000E-01  0.546650E+00  0.995700E+03  0.549466E+00
  0.154000E+02  0.515000E-02  0.815000E+01  0.800000E-01  0.616400E+00  0.157800E+04  0.621988E+00
  0.154000E+02  0.515000E-02  0.129000E+02  0.127000E+00  0.690000E+00  0.250000E+04  0.695462E+00
  0.154000E+02  0.515000E-02  0.205000E+02  0.201000E+00  0.765240E+00  0.396100E+04  0.768876E+00
  0.154000E+02  0.515000E-02  0.325000E+02  0.319000E+00  0.835050E+00  0.627800E+04  0.838054E+00
  0.154000E+02  0.515000E-02  0.515000E+02  0.505000E+00  0.888710E+00  0.994900E+04  0.891638E+00
  0.154000E+02  0.815000E-02  0.515000E+00  0.319000E-02  0.134990E+00  0.634600E+02  0.172607E+06
  0.154000E+02  0.815000E-02  0.815000E+00  0.505000E-02  0.135160E+00  0.100100E+03  0.286128E+06
  0.154000E+02  0.815000E-02  0.129000E+01  0.800000E-02  0.361410E+00  0.158100E+03  0.330907E+00
  0.154000E+02  0.815000E-02  0.205000E+01  0.127000E-01  0.405800E+00  0.250000E+03  0.393976E+00
  0.154000E+02  0.815000E-02  0.325000E+01  0.201000E-01  0.452660E+00  0.395700E+03  0.452137E+00
  0.154000E+02  0.815000E-02  0.515000E+01  0.319000E-01  0.505000E+00  0.626700E+03  0.510735E+00
  0.154000E+02  0.815000E-02  0.815000E+01  0.505000E-01  0.561660E+00  0.992700E+03  0.569440E+00
  0.154000E+02  0.815000E-02  0.129000E+02  0.800000E-01  0.621090E+00  0.157300E+04  0.628325E+00
  0.154000E+02  0.815000E-02  0.205000E+02  0.127000E+00  0.681990E+00  0.249200E+04  0.687190E+00
  0.154000E+02  0.815000E-02  0.325000E+02  0.201000E+00  0.740440E+00  0.394900E+04  0.744519E+00
  0.154000E+02  0.815000E-02  0.515000E+02  0.319000E+00  0.793750E+00  0.625900E+04  0.796840E+00
  0.154000E+02  0.815000E-02  0.815000E+02  0.505000E+00  0.831920E+00  0.991900E+04  0.834006E+00
  0.154000E+02  0.129000E-01  0.515000E+00  0.201000E-02  0.133960E+00  0.401800E+02  0.167456E+06
  0.154000E+02  0.129000E-01  0.815000E+00  0.319000E-02  0.134180E+00  0.631600E+02  0.273260E+06
  0.154000E+02  0.129000E-01  0.129000E+01  0.505000E-02  0.351400E+00  0.995900E+02  0.330226E+00
  0.154000E+02  0.129000E-01  0.205000E+01  0.800000E-02  0.389100E+00  0.157300E+03  0.383128E+00
  0.154000E+02  0.129000E-01  0.325000E+01  0.127000E-01  0.427720E+00  0.248800E+03  0.430538E+00
  0.154000E+02  0.129000E-01  0.515000E+01  0.201000E-01  0.469810E+00  0.393800E+03  0.477413E+00
  0.154000E+02  0.129000E-01  0.815000E+01  0.319000E-01  0.514760E+00  0.623700E+03  0.523663E+00
  0.154000E+02  0.129000E-01  0.129000E+02  0.505000E-01  0.561460E+00  0.988000E+03  0.569461E+00
  0.154000E+02  0.129000E-01  0.205000E+02  0.800000E-01  0.608970E+00  0.156500E+04  0.614869E+00
  0.154000E+02  0.129000E-01  0.325000E+02  0.127000E+00  0.654560E+00  0.248000E+04  0.659092E+00
  0.154000E+02  0.129000E-01  0.515000E+02  0.201000E+00  0.697590E+00  0.393000E+04  0.700964E+00
  0.154000E+02  0.129000E-01  0.815000E+02  0.319000E+00  0.735230E+00  0.622900E+04  0.737129E+00
  0.154000E+02  0.129000E-01  0.129000E+03  0.505000E+00  0.760760E+00  0.987200E+04  0.761111E+00
  0.154000E+02  0.205000E-01  0.815000E+00  0.201000E-02  0.133160E+00  0.398800E+02  0.265109E+06
  0.154000E+02  0.205000E-01  0.129000E+01  0.319000E-02  0.345460E+00  0.626800E+02  0.333228E+00
  0.154000E+02  0.205000E-01  0.205000E+01  0.505000E-02  0.377560E+00  0.988300E+02  0.375761E+00
  0.154000E+02  0.205000E-01  0.325000E+01  0.800000E-02  0.409000E+00  0.156100E+03  0.413104E+00
  0.154000E+02  0.205000E-01  0.515000E+01  0.127000E-01  0.441920E+00  0.246900E+03  0.449302E+00
  0.154000E+02  0.205000E-01  0.815000E+01  0.201000E-01  0.476350E+00  0.390800E+03  0.484434E+00
  0.154000E+02  0.205000E-01  0.129000E+02  0.319000E-01  0.511630E+00  0.618900E+03  0.518688E+00
  0.154000E+02  0.205000E-01  0.205000E+02  0.505000E-01  0.547090E+00  0.980400E+03  0.552225E+00
  0.154000E+02  0.205000E-01  0.325000E+02  0.800000E-01  0.580790E+00  0.155300E+04  0.584638E+00
  0.154000E+02  0.205000E-01  0.515000E+02  0.127000E+00  0.612530E+00  0.246100E+04  0.615370E+00
  0.154000E+02  0.205000E-01  0.815000E+02  0.201000E+00  0.641470E+00  0.390000E+04  0.643069E+00
  0.154000E+02  0.205000E-01  0.129000E+03  0.319000E+00  0.666150E+00  0.618100E+04  0.666275E+00
  0.154000E+02  0.205000E-01  0.205000E+03  0.505000E+00  0.682460E+00  0.979600E+04  0.681065E+00
  0.154000E+02  0.325000E-01  0.129000E+01  0.201000E-02  0.345210E+00  0.394000E+02  0.339498E+00
  0.154000E+02  0.325000E-01  0.205000E+01  0.319000E-02  0.372740E+00  0.619300E+02  0.371929E+00
  0.154000E+02  0.325000E-01  0.325000E+01  0.505000E-02  0.397820E+00  0.976300E+02  0.400154E+00
  0.154000E+02  0.325000E-01  0.515000E+01  0.800000E-02  0.422460E+00  0.154200E+03  0.426858E+00
  0.154000E+02  0.325000E-01  0.815000E+01  0.127000E-01  0.447330E+00  0.243900E+03  0.452252E+00
  0.154000E+02  0.325000E-01  0.129000E+02  0.201000E-01  0.472340E+00  0.386100E+03  0.476518E+00
  0.154000E+02  0.325000E-01  0.205000E+02  0.319000E-01  0.497070E+00  0.611400E+03  0.499894E+00
  0.154000E+02  0.325000E-01  0.325000E+02  0.505000E-01  0.520230E+00  0.968400E+03  0.522268E+00
  0.154000E+02  0.325000E-01  0.515000E+02  0.800000E-01  0.541710E+00  0.153400E+04  0.543219E+00
  0.154000E+02  0.325000E-01  0.815000E+02  0.127000E+00  0.561240E+00  0.243100E+04  0.562021E+00
  0.154000E+02  0.325000E-01  0.129000E+03  0.201000E+00  0.578700E+00  0.385300E+04  0.578523E+00
  0.154000E+02  0.325000E-01  0.205000E+03  0.319000E+00  0.593630E+00  0.610600E+04  0.592466E+00
  0.154000E+02  0.325000E-01  0.325000E+03  0.505000E+00  0.603730E+00  0.967600E+04  0.601512E+00
  0.154000E+02  0.515000E-01  0.205000E+01  0.201000E-02  0.374990E+00  0.386400E+02  0.370779E+00
  0.154000E+02  0.515000E-01  0.325000E+01  0.319000E-02  0.393940E+00  0.607300E+02  0.390928E+00
  0.154000E+02  0.515000E-01  0.515000E+01  0.505000E-02  0.410700E+00  0.957400E+02  0.409250E+00
  0.154000E+02  0.515000E-01  0.815000E+01  0.800000E-02  0.426590E+00  0.151200E+03  0.426080E+00
  0.154000E+02  0.515000E-01  0.129000E+02  0.127000E-01  0.442140E+00  0.239100E+03  0.441716E+00
  0.154000E+02  0.515000E-01  0.205000E+02  0.201000E-01  0.457190E+00  0.378500E+03  0.456375E+00
  0.154000E+02  0.515000E-01  0.325000E+02  0.319000E-01  0.470970E+00  0.599400E+03  0.470240E+00
  0.154000E+02  0.515000E-01  0.515000E+02  0.505000E-01  0.483460E+00  0.949400E+03  0.482946E+00
  0.154000E+02  0.515000E-01  0.815000E+02  0.800000E-01  0.494530E+00  0.150400E+04  0.493992E+00
  0.154000E+02  0.515000E-01  0.129000E+03  0.127000E+00  0.504440E+00  0.238400E+04  0.503654E+00
  0.154000E+02  0.515000E-01  0.205000E+03  0.201000E+00  0.513340E+00  0.377700E+04  0.512208E+00
  0.154000E+02  0.515000E-01  0.325000E+03  0.319000E+00  0.521420E+00  0.598600E+04  0.519967E+00
  0.154000E+02  0.515000E-01  0.515000E+03  0.505000E+00  0.528950E+00  0.948600E+04  0.527129E+00
  0.154000E+02  0.815000E-01  0.325000E+01  0.201000E-02  0.394150E+00  0.374400E+02  0.383731E+00
  0.154000E+02  0.815000E-01  0.515000E+01  0.319000E-02  0.403160E+00  0.588300E+02  0.394713E+00
  0.154000E+02  0.815000E-01  0.815000E+01  0.505000E-02  0.410620E+00  0.927300E+02  0.403969E+00
  0.154000E+02  0.815000E-01  0.129000E+02  0.800000E-02  0.417400E+00  0.146400E+03  0.412002E+00
  0.154000E+02  0.815000E-01  0.205000E+02  0.127000E-01  0.423770E+00  0.231600E+03  0.419176E+00
  0.154000E+02  0.815000E-01  0.325000E+02  0.201000E-01  0.429370E+00  0.366500E+03  0.425832E+00
  0.154000E+02  0.815000E-01  0.515000E+02  0.319000E-01  0.434240E+00  0.580400E+03  0.431722E+00
  0.154000E+02  0.815000E-01  0.815000E+02  0.505000E-01  0.438260E+00  0.919300E+03  0.436383E+00
  0.154000E+02  0.815000E-01  0.129000E+03  0.800000E-01  0.441610E+00  0.145700E+04  0.440150E+00
  0.154000E+02  0.815000E-01  0.205000E+03  0.127000E+00  0.444610E+00  0.230800E+04  0.443389E+00
  0.154000E+02  0.815000E-01  0.325000E+03  0.201000E+00  0.447760E+00  0.365700E+04  0.446748E+00
  0.154000E+02  0.815000E-01  0.515000E+03  0.319000E+00  0.452310E+00  0.579600E+04  0.451557E+00
  0.154000E+02  0.815000E-01  0.815000E+03  0.505000E+00  0.460710E+00  0.918500E+04  0.460280E+00
  0.154000E+02  0.129000E+00  0.515000E+01  0.201000E-02  0.391850E+00  0.355500E+02  0.378831E+00
  0.154000E+02  0.129000E+00  0.815000E+01  0.319000E-02  0.391600E+00  0.558200E+02  0.381240E+00
  0.154000E+02  0.129000E+00  0.129000E+02  0.505000E-02  0.390780E+00  0.879600E+02  0.382523E+00
  0.154000E+02  0.129000E+00  0.205000E+02  0.800000E-02  0.389740E+00  0.138900E+03  0.383128E+00
  0.154000E+02  0.129000E+00  0.325000E+02  0.127000E-01  0.388520E+00  0.219600E+03  0.383570E+00
  0.154000E+02  0.129000E+00  0.515000E+02  0.201000E-01  0.387080E+00  0.347500E+03  0.383640E+00
  0.154000E+02  0.129000E+00  0.815000E+02  0.319000E-01  0.385400E+00  0.550300E+03  0.383032E+00
  0.154000E+02  0.129000E+00  0.129000E+03  0.505000E-01  0.383570E+00  0.871600E+03  0.381913E+00
  0.154000E+02  0.129000E+00  0.205000E+03  0.800000E-01  0.381800E+00  0.138100E+04  0.380645E+00
  0.154000E+02  0.129000E+00  0.325000E+03  0.127000E+00  0.380500E+00  0.218800E+04  0.379755E+00
  0.154000E+02  0.129000E+00  0.515000E+03  0.201000E+00  0.380650E+00  0.346700E+04  0.380334E+00
  0.154000E+02  0.129000E+00  0.815000E+03  0.319000E+00  0.384470E+00  0.549500E+04  0.384700E+00
  0.154000E+02  0.129000E+00  0.129000E+04  0.505000E+00  0.396760E+00  0.870800E+04  0.397862E+00
  0.154000E+02  0.205000E+00  0.815000E+01  0.201000E-02  0.357970E+00  0.325400E+02  0.348303E+00
  0.154000E+02  0.205000E+00  0.129000E+02  0.319000E-02  0.350600E+00  0.510500E+02  0.343045E+00
  0.154000E+02  0.205000E+00  0.205000E+02  0.505000E-02  0.343440E+00  0.804000E+02  0.337508E+00
  0.154000E+02  0.205000E+00  0.325000E+02  0.800000E-02  0.336750E+00  0.126900E+03  0.332321E+00
  0.154000E+02  0.205000E+00  0.515000E+02  0.127000E-01  0.330350E+00  0.200600E+03  0.327291E+00
  0.154000E+02  0.205000E+00  0.815000E+02  0.201000E-01  0.324280E+00  0.317400E+03  0.322133E+00
  0.154000E+02  0.205000E+00  0.129000E+03  0.319000E-01  0.318500E+00  0.502600E+03  0.316936E+00
  0.154000E+02  0.205000E+00  0.205000E+03  0.505000E-01  0.313070E+00  0.796000E+03  0.311883E+00
  0.154000E+02  0.205000E+00  0.325000E+03  0.800000E-01  0.308320E+00  0.126100E+04  0.307419E+00
  0.154000E+02  0.205000E+00  0.515000E+03  0.127000E+00  0.304770E+00  0.199800E+04  0.304126E+00
  0.154000E+02  0.205000E+00  0.815000E+03  0.201000E+00  0.303770E+00  0.316600E+04  0.303424E+00
  0.154000E+02  0.205000E+00  0.129000E+04  0.319000E+00  0.308420E+00  0.501800E+04  0.308558E+00
  0.154000E+02  0.205000E+00  0.205000E+04  0.505000E+00  0.325300E+00  0.795200E+04  0.326347E+00
  0.154000E+02  0.325000E+00  0.129000E+02  0.201000E-02  0.275200E+00  0.277700E+02  0.271326E+00
  0.154000E+02  0.325000E+00  0.205000E+02  0.319000E-02  0.262980E+00  0.434900E+02  0.259858E+00
  0.154000E+02  0.325000E+00  0.325000E+02  0.505000E-02  0.252190E+00  0.684200E+02  0.249678E+00
  0.154000E+02  0.325000E+00  0.515000E+02  0.800000E-02  0.242300E+00  0.107900E+03  0.240375E+00
  0.154000E+02  0.325000E+00  0.815000E+02  0.127000E-01  0.233260E+00  0.170500E+03  0.231687E+00
  0.154000E+02  0.325000E+00  0.129000E+03  0.201000E-01  0.224960E+00  0.269700E+03  0.223567E+00
  0.154000E+02  0.325000E+00  0.205000E+03  0.319000E-01  0.217320E+00  0.427000E+03  0.216006E+00
  0.154000E+02  0.325000E+00  0.325000E+03  0.505000E-01  0.210490E+00  0.676200E+03  0.209205E+00
  0.154000E+02  0.325000E+00  0.515000E+03  0.800000E-01  0.204650E+00  0.107100E+04  0.203402E+00
  0.154000E+02  0.325000E+00  0.815000E+03  0.127000E+00  0.200400E+00  0.169700E+04  0.199184E+00
  0.154000E+02  0.325000E+00  0.129000E+04  0.201000E+00  0.199040E+00  0.269000E+04  0.197890E+00
  0.154000E+02  0.325000E+00  0.205000E+04  0.319000E+00  0.203620E+00  0.426200E+04  0.202599E+00
  0.154000E+02  0.325000E+00  0.325000E+04  0.505000E+00  0.219940E+00  0.675400E+04  0.219161E+00
  0.154000E+02  0.515000E+00  0.205000E+02  0.201000E-02  0.116120E+00  0.202100E+02  0.118265E+00
  0.154000E+02  0.515000E+00  0.325000E+02  0.319000E-02  0.107100E+00  0.315100E+02  0.108596E+00
  0.154000E+02  0.515000E+00  0.515000E+02  0.505000E-02  0.992510E-01  0.494300E+02  0.100321E+00
  0.154000E+02  0.515000E+00  0.815000E+02  0.800000E-02  0.924060E-01  0.778200E+02  0.931313E-01
  0.154000E+02  0.515000E+00  0.129000E+03  0.127000E-01  0.863760E-01  0.122800E+03  0.868123E-01
  0.154000E+02  0.515000E+00  0.205000E+03  0.201000E-01  0.810040E-01  0.194100E+03  0.812010E-01
  0.154000E+02  0.515000E+00  0.325000E+03  0.319000E-01  0.762930E-01  0.307200E+03  0.763014E-01
  0.154000E+02  0.515000E+00  0.515000E+03  0.505000E-01  0.721990E-01  0.486300E+03  0.720597E-01
  0.154000E+02  0.515000E+00  0.815000E+03  0.800000E-01  0.687990E-01  0.770300E+03  0.685433E-01
  0.154000E+02  0.515000E+00  0.129000E+04  0.127000E+00  0.663270E-01  0.122000E+04  0.659734E-01
  0.154000E+02  0.515000E+00  0.205000E+04  0.201000E+00  0.653470E-01  0.193400E+04  0.648949E-01
  0.154000E+02  0.515000E+00  0.325000E+04  0.319000E+00  0.670960E-01  0.306400E+04  0.665234E-01
  0.154000E+02  0.515000E+00  0.515000E+04  0.505000E+00  0.735840E-01  0.485600E+04  0.728274E-01
  0.154000E+02  0.815000E+00  0.325000E+02  0.201000E-02  0.247790E-02  0.822600E+01  0.290019E-02
  0.154000E+02  0.815000E+00  0.515000E+02  0.319000E-02  0.213240E-02  0.125200E+02  0.244698E-02
  0.154000E+02  0.815000E+00  0.815000E+02  0.505000E-02  0.185350E-02  0.193300E+02  0.209095E-02
  0.154000E+02  0.815000E+00  0.129000E+03  0.800000E-02  0.162480E-02  0.301300E+02  0.180567E-02
  0.154000E+02  0.815000E+00  0.205000E+03  0.127000E-01  0.143380E-02  0.472300E+02  0.157242E-02
  0.154000E+02  0.815000E+00  0.325000E+03  0.201000E-01  0.127540E-02  0.743400E+02  0.138252E-02
  0.154000E+02  0.815000E+00  0.515000E+03  0.319000E-01  0.114310E-02  0.117300E+03  0.122638E-02
  0.154000E+02  0.815000E+00  0.815000E+03  0.505000E-01  0.103370E-02  0.185400E+03  0.109867E-02
  0.154000E+02  0.815000E+00  0.129000E+04  0.800000E-01  0.945720E-03  0.293300E+03  0.996413E-03
  0.154000E+02  0.815000E+00  0.205000E+04  0.127000E+00  0.881090E-03  0.464400E+03  0.920069E-03
  0.154000E+02  0.815000E+00  0.325000E+04  0.201000E+00  0.847630E-03  0.735500E+03  0.876773E-03
  0.154000E+02  0.815000E+00  0.515000E+04  0.319000E+00  0.858620E-03  0.116500E+04  0.878576E-03
