*
* The data are taken from: Max scenario B
*
*
*
&Data
   Name  = 'LHEC NC ele pp cross section D6:datlhec760ncepp'
   IndexDataset = 2006
   Reaction = 'NC e+-p'

 ! Data table definitions:
   NData   =  157
   NColumn =  19   ! 3 bins, 3 ignore  sigma and 9 errors

 ! Layout of the data table columns: 3 bins, cross-section and 9 errors
 ! The following types are predefined: Bin, Sigma, Error and Dummy (case sensitive!)
  ColumnType = 6*'Bin','Sigma', 'Dummy', 11*'Error'

  ColumnName = 'Q2','x', 'y',3*'ignore', 'reduced x-section','ignore', 'stat','uncor', 2*'ignore','eelen', 'ethee', 'ehadr', 'radco', 'egamp', 'effic', 'enois'

 ! options for bins: depends on Reaction type, for NC e+-p these are 'x', 'Q2' and 'y'
 ! options for the errors: 'stat', 'uncor', 'ignore' or different names for correlated uncertainties


 ! Extra information for the x-section calculation:
   !NInfo    = 4
   !DataInfo =  1296 ,     -1.  ,  1.     ,   0.0
   !CInfo    = 'sqrt(S)','e charge','reduced','e polarity'

   TermName = 'R'
   TermSource = 'use:hf_scheme_DISNC'
   TermInfo = 'type=sigred:flav=incl:echarge=-1:epolarity=0.0'
   TheorExpr = 'R'

   Percent  = 19*True

&END
*        Ep        Ee   eCharge      ePol    Lumifb    lhapdf        NC        CC     itarg    erunco 1 0.5
*     7000.       60.       -1.      0.0     1.0     21000         1         0         1      0.70 1 0.5
*
*      q2         x       y  thetae  thetaj        f2    sigrNC    nevent estat eunco esyst  etot eelen ethee ehadr radco egamp effic enois 
2	2e-06	0.5952	177.9	1.4	2.55899	1.5563620927591548	15000000000.0	1.0	0.5	1.19	1.29	0.05	0.27	0.07	0.3	1	0.5	0.0
2	5e-06	0.2381	178.5	4.9	1.63468	1.3193510292326147	11000000000.0	1.0	0.5	0.78	0.92	0.06	0.5	0.07	0.3	0	0.5	0.0
2	8.5e-06	0.1401	178.5	8.9	1.36712	1.210856827482464	4400000000.0	1.0	0.5	0.84	0.98	0.07	0.6	0.1	0.3	0	0.5	0.0
2	2e-05	0.0595	178.6	21.7	1.05922	0.9990540674589934	12000000000.0	1.0	0.5	0.9	1.03	0.08	0.68	0.1	0.3	0	0.5	0.0
2	5e-05	0.0238	178.6	52.1	0.85115	0.8506545109089669	7400000000.0	1.0	0.5	0.95	1.08	0.08	0.74	0.1	0.3	0	0.5	0.0
2	8.5e-05	0.014	178.6	79.8	0.76217	0.7733654827682813	2800000000.0	1.0	0.5	0.97	1.09	0.09	0.77	0.09	0.3	0	0.5	0.0
2	0.0002	0.006	178.6	126.3	0.64789	0.6651334675467252	7500000000.0	1.0	0.5	1.98	2.04	0.09	0.79	0.09	0.3	0	0.5	1.71
2	0.0005	0.0024	178.6	157.1	0.55182	0.549165493346165	4900000000.0	1.0	0.5	2.24	2.29	0.09	0.8	0.08	0.3	0	0.5	2.0
2	0.00085	0.0014	178.6	166.4	0.50554	0.4980315827086164	1600000000.0	1.0	0.5	2.38	2.43	0.09	0.78	0.08	0.3	0	0.5	2.17
5	5e-06	0.5952	176.6	2.3	3.18775	1.7574656014288674	8100000000.0	1.0	0.5	1.2	1.3	0.08	0.32	0.06	0.3	1	0.5	0.0
5	8.5e-06	0.3501	177.4	4.9	2.55745	1.6189086523873057	3500000000.0	1.0	0.5	0.7	0.86	0.08	0.37	0.06	0.3	0	0.5	0.0
5	2e-05	0.1488	177.7	13.2	1.85422	1.478439543776926	9500000000.0	1.0	0.5	0.71	0.87	0.07	0.39	0.09	0.3	0	0.5	0.0
5	5e-05	0.0595	177.8	33.8	1.40671	1.2920370283064793	6100000000.0	1.0	0.5	0.72	0.87	0.07	0.4	0.11	0.3	0	0.5	0.0
5	8.5e-05	0.035	177.8	55.2	1.22442	1.1393293308439152	2300000000.0	1.0	0.5	0.72	0.88	0.07	0.41	0.11	0.3	0	0.5	0.0
5	0.0002	0.0149	177.8	102.4	0.99916	0.9702231699701025	5900000000.0	1.0	0.5	0.73	0.88	0.07	0.42	0.1	0.3	0	0.5	0.0
5	0.0005	0.006	177.9	144.5	0.81692	0.8257938786808741	3800000000.0	1.0	0.5	1.87	1.93	0.08	0.44	0.1	0.3	0	0.5	1.71
5	0.00085	0.0035	177.9	158.7	0.73107	0.761430747212286	1400000000.0	1.0	0.5	2.02	2.09	0.08	0.46	0.1	0.3	0	0.5	1.88
5	0.002	0.0015	177.9	170.9	0.61587	0.6503581492421973	3300000000.0	1.0	0.5	2.28	2.33	0.08	0.47	0.09	0.3	0	0.5	2.15
10	8.5e-06	0.7003	174.5	2.4	3.77657	2.159772647846138	1100000000.0	1.0	0.5	1.18	1.28	0.09	0.19	0.04	0.3	1	0.5	0.0
10	2e-05	0.2976	176.4	8.5	2.71642	2.014746997694616	3300000000.0	1.0	0.5	0.65	0.82	0.08	0.27	0.03	0.3	0	0.5	0.0
10	5e-05	0.119	176.8	23.5	2.02194	1.7232868492779267	2300000000.0	1.0	0.5	0.66	0.83	0.08	0.29	0.09	0.3	0	0.5	0.0
10	8.5e-05	0.07	176.9	39.9	1.7341	1.5608360362028806	860000000.0	1.0	0.5	0.67	0.84	0.08	0.3	0.1	0.3	0	0.5	0.0
10	0.0002	0.0298	176.9	82.2	1.37628	1.3052911433826504	2200000000.0	1.0	0.5	0.68	0.84	0.08	0.31	0.11	0.3	0	0.5	0.0
10	0.0005	0.0119	177.0	131.1	1.08788	1.0832307330811142	1400000000.0	1.0	0.5	0.69	0.85	0.09	0.33	0.12	0.3	0	0.5	0.0
10	0.00085	0.007	177.0	150.1	0.95329	0.954276065927732	510000000.0	1.0	0.5	1.8	1.87	0.09	0.34	0.12	0.3	0	0.5	1.66
10	0.002	0.003	177.0	167.1	0.77452	0.8123766711876199	1300000000.0	1.0	0.5	2.05	2.11	0.09	0.36	0.12	0.3	0	0.5	1.93
10	0.005	0.0012	177.0	174.8	0.62744	0.6613637105225405	550000000.0	1.0	0.5	2.33	2.38	0.1	0.37	0.11	0.3	0	0.5	2.22
20	2e-05	0.5952	173.3	4.6	3.77686	2.6226244122008118	2300000000.0	1.0	0.5	1.17	1.27	0.09	0.16	0.01	0.3	1	0.5	0.0
20	5e-05	0.2381	175.1	15.6	2.77114	2.2724557562438976	1900000000.0	1.0	0.5	0.63	0.8	0.09	0.22	0.04	0.3	0	0.5	0.0
20	8.5e-05	0.1401	175.4	27.7	2.34743	2.0762127632666663	750000000.0	1.0	0.5	0.64	0.81	0.09	0.23	0.09	0.3	0	0.5	0.0
20	0.0002	0.0595	175.6	62.5	1.81838	1.7047739837106302	2000000000.0	1.0	0.5	0.65	0.82	0.09	0.24	0.11	0.3	0	0.5	0.0
20	0.0005	0.0238	175.7	114.2	1.39438	1.3792239293783193	1200000000.0	1.0	0.5	0.66	0.83	0.09	0.26	0.13	0.3	0	0.5	0.0
20	0.00085	0.014	175.7	138.5	1.1987	1.21189208066336	430000000.0	1.0	0.5	0.66	0.83	0.1	0.27	0.13	0.3	0	0.5	0.0
20	0.002	0.006	175.7	161.8	0.9422	0.9813969952171859	1100000000.0	1.0	0.5	1.84	1.91	0.1	0.28	0.13	0.3	0	0.5	1.71
20	0.005	0.0024	175.7	172.7	0.73444	0.7716626051514807	650000000.0	1.0	0.5	2.11	2.17	0.1	0.29	0.13	0.3	0	0.5	2.0
20	0.0085	0.0014	175.7	175.7	0.64123	0.6789734060959438	200000000.0	1.0	0.5	2.27	2.33	0.11	0.29	0.12	0.3	0	0.5	2.17
50	5e-05	0.5952	169.4	7.2	4.03221	2.962469442551691	1100000000.0	1.0	0.5	1.17	1.27	0.1	0.12	0.01	0.3	1	0.5	0.0
50	8.5e-05	0.3501	171.6	15.5	3.36549	2.7767126867420386	480000000.0	1.0	0.5	0.61	0.79	0.1	0.15	0.02	0.3	0	0.5	0.0
50	0.0002	0.1488	172.7	40.1	2.53267	2.301710994688219	1300000000.0	1.0	0.5	0.62	0.8	0.1	0.17	0.09	0.3	0	0.5	0.0
50	0.0005	0.0595	173.0	87.7	1.87297	1.7915854457662899	840000000.0	1.0	0.5	0.63	0.81	0.1	0.18	0.13	0.3	0	0.5	0.0
50	0.00085	0.035	173.1	117.7	1.57355	1.5716763315382574	300000000.0	1.0	0.5	0.64	0.81	0.1	0.19	0.14	0.3	0	0.5	0.0
50	0.002	0.0149	173.2	151.4	1.18833	1.202627304561745	740000000.0	1.0	0.5	0.64	0.81	0.11	0.2	0.15	0.3	0	0.5	0.0
50	0.005	0.006	173.2	168.4	0.88381	0.9159718858154663	430000000.0	1.0	0.5	1.83	1.9	0.11	0.2	0.15	0.3	0	0.5	1.71
50	0.0085	0.0035	173.2	173.2	0.74949	0.7986973622650713	150000000.0	1.0	0.5	1.99	2.05	0.11	0.21	0.15	0.3	0	0.5	1.88
50	0.02	0.0015	173.3	177.1	0.58657	0.6096338175803397	330000000.0	1.0	0.5	2.24	2.3	0.12	0.21	0.13	0.3	0	0.5	2.15
100	8.5e-05	0.7003	162.7	7.5	4.21424	3.1871112592496984	130000000.0	1.0	0.5	1.16	1.27	0.11	0.07	0.0	0.3	1	0.5	0.0
100	0.0002	0.2976	168.6	26.4	3.1142	2.7505276366621305	380000000.0	1.0	0.5	0.6	0.78	0.11	0.11	0.03	0.3	0	0.5	0.0
100	0.0005	0.119	169.9	66.6	2.25131	2.133145794734029	260000000.0	1.0	0.5	0.62	0.79	0.11	0.13	0.11	0.3	0	0.5	0.0
100	0.00085	0.07	170.1	97.9	1.86439	1.8304148757735834	94000000.0	1.0	0.5	0.63	0.8	0.11	0.13	0.14	0.3	0	0.5	0.0
100	0.002	0.0298	170.3	140.1	1.37296	1.4096714280380283	230000000.0	1.0	0.5	0.63	0.81	0.12	0.14	0.16	0.3	0	0.5	0.0
100	0.005	0.0119	170.4	163.6	0.99125	1.023146514736341	130000000.0	1.0	0.5	0.64	0.81	0.12	0.15	0.17	0.3	0	0.5	0.0
100	0.0085	0.007	170.4	170.4	0.82515	0.8801807775176523	45000000.0	1.0	0.5	1.78	1.85	0.12	0.15	0.17	0.3	0	0.5	1.66
100	0.02	0.003	170.5	175.9	0.62555	0.6528021128680214	110000000.0	1.0	0.5	2.03	2.09	0.12	0.15	0.15	0.3	0	0.5	1.93
100	0.05	0.0012	170.5	178.4	0.48228	0.4971531437703919	43000000.0	1.0	0.5	2.31	2.36	0.12	0.15	0.14	0.3	0	0.5	2.22
200	0.0002	0.5952	159.0	14.4	3.71466	3.0319187666145666	230000000.0	1.0	0.5	1.16	1.27	0.11	0.06	0.01	0.3	1	0.5	0.0
200	0.0005	0.2381	164.6	46.7	2.63339	2.4555895687033584	190000000.0	1.0	0.5	0.61	0.79	0.12	0.09	0.07	0.3	0	0.5	0.0
200	0.00085	0.1401	165.5	75.9	2.15393	2.0668069169478747	70000000.0	1.0	0.5	0.62	0.79	0.12	0.1	0.12	0.3	0	0.5	0.0
200	0.002	0.0595	166.1	125.0	1.55221	1.5407134850813482	170000000.0	1.0	0.5	0.62	0.8	0.12	0.1	0.16	0.3	0	0.5	0.0
200	0.005	0.0238	166.4	156.9	1.09228	1.1508864609921352	97000000.0	1.0	0.5	0.63	0.81	0.12	0.11	0.18	0.3	0	0.5	0.0
200	0.0085	0.014	166.5	166.4	0.89476	0.9657652236080945	33000000.0	1.0	0.5	0.63	0.81	0.13	0.11	0.18	0.3	0	0.5	0.0
200	0.02	0.006	166.5	174.2	0.65982	0.7152584006375842	78000000.0	1.0	0.5	1.83	1.89	0.13	0.11	0.17	0.3	0	0.5	1.71
200	0.05	0.0024	166.5	177.7	0.49319	0.5122369870582724	45000000.0	1.0	0.5	2.1	2.16	0.13	0.11	0.15	0.3	0	0.5	2.0
200	0.085	0.0014	166.5	178.6	0.42057	0.43964341430558307	21000000.0	1.0	0.5	2.26	2.31	0.13	0.11	0.16	0.3	0	0.5	2.17
500	0.0005	0.5952	147.4	22.5	3.13744	2.757039339985971	86000000.0	1.0	0.5	1.17	1.27	0.12	0.05	0.02	0.3	1	0.5	0.0
500	0.00085	0.3501	154.0	46.4	2.53048	2.483062271134793	35000000.0	1.0	0.5	0.6	0.78	0.12	0.06	0.07	0.3	0	0.5	0.0
500	0.002	0.1488	157.2	98.2	1.77925	1.782658465276876	91000000.0	1.0	0.5	0.62	0.79	0.13	0.07	0.13	0.3	0	0.5	0.0
500	0.005	0.0595	158.2	143.5	1.2161	1.2721447971096431	52000000.0	1.0	0.5	0.63	0.8	0.13	0.08	0.18	0.3	0	0.5	0.0
500	0.0085	0.035	158.5	158.3	0.97816	1.0295713160902675	18000000.0	1.0	0.5	0.63	0.8	0.13	0.08	0.18	0.3	0	0.5	0.0
500	0.02	0.0149	158.7	170.8	0.69895	0.7524890468816288	41000000.0	1.0	0.5	0.63	0.8	0.13	0.08	0.18	0.3	0	0.5	0.0
500	0.05	0.006	158.8	176.3	0.50423	0.5287516148821568	23000000.0	1.0	0.5	1.82	1.89	0.13	0.08	0.16	0.3	0	0.5	1.71
500	0.085	0.0035	158.9	177.8	0.4211	0.4469093306219923	16000000.0	1.0	0.5	1.98	2.05	0.14	0.08	0.18	0.3	0	0.5	1.88
500	0.2	0.0015	158.9	179.1	0.29193	0.3025145020049351	5600000.0	1.0	0.5	2.25	2.31	0.16	0.09	0.28	0.3	0	0.5	2.15
1000	0.00085	0.7003	128.6	23.3	2.80821	2.5283832622645956	12000000.0	1.0	0.5	1.17	1.27	0.13	0.03	0.03	0.3	1	0.5	0.0
1000	0.002	0.2976	145.1	73.2	1.94285	1.9334730345048339	34000000.0	1.0	0.5	0.6	0.78	0.13	0.04	0.07	0.3	0	0.5	0.0
1000	0.005	0.119	148.6	128.6	1.30271	1.3946410129956415	21000000.0	1.0	0.5	0.62	0.8	0.13	0.05	0.16	0.3	0	0.5	0.0
1000	0.0085	0.07	149.4	149.2	1.03531	1.1156942790620168	7200000.0	1.0	0.5	0.63	0.8	0.13	0.05	0.18	0.3	0	0.5	0.0
1000	0.02	0.0298	150.0	166.9	0.72456	0.7933874496499853	17000000.0	1.0	0.5	0.63	0.8	0.13	0.05	0.19	0.3	0	0.5	0.0
1000	0.05	0.0119	150.3	174.8	0.51058	0.557696637771687	9200000.0	1.0	0.5	0.63	0.8	0.13	0.05	0.18	0.3	0	0.5	0.0
1000	0.085	0.007	150.4	176.9	0.42052	0.4396554686839668	6200000.0	1.0	0.5	1.78	1.85	0.14	0.06	0.19	0.3	0	0.5	1.66
1000	0.2	0.003	150.4	178.7	0.28386	0.3092218558574383	3100000.0	1.0	0.5	2.05	2.11	0.17	0.07	0.31	0.3	0	0.5	1.93
1000	0.30000001	0.002	150.4	179.1	0.19767	0.2090274999909825	1400000.0	1.0	0.5	2.23	2.29	0.23	0.09	0.59	0.3	0	0.5	2.06
1000	0.40000001	0.0015	150.5	179.4	0.12412	0.1368696898847997	670000.0	1.2	0.5	2.47	2.53	0.31	0.13	1.02	0.3	0	0.5	2.15
1000	0.5	0.0012	150.5	179.5	0.06824	0.073250625462593	120000.0	2.8	0.5	2.87	2.93	0.44	0.17	1.65	0.3	0	0.5	2.22
2000	0.002	0.5952	119.3	43.4	2.09945	2.0817596929273416	14000000.0	1.0	0.5	1.17	1.27	0.13	0.02	0.05	0.3	1	0.5	0.0
2000	0.005	0.2381	133.8	107.6	1.38368	1.4779959307170694	10000000.0	1.0	0.5	0.61	0.79	0.14	0.03	0.11	0.3	0	0.5	0.0
2000	0.0085	0.1401	136.2	135.9	1.08784	1.162906455258324	3700000.0	1.0	0.5	0.62	0.8	0.14	0.04	0.16	0.3	0	0.5	0.0
2000	0.02	0.0595	138.0	161.3	0.74722	0.8253248403328055	8700000.0	1.0	0.5	0.63	0.8	0.14	0.04	0.18	0.3	0	0.5	0.0
2000	0.05	0.0238	138.7	172.6	0.51555	0.5513778847740116	4700000.0	1.0	0.5	0.63	0.8	0.14	0.04	0.18	0.3	0	0.5	0.0
2000	0.085	0.014	138.9	175.7	0.4193	0.45778646157359	3100000.0	1.0	0.5	0.64	0.81	0.14	0.04	0.2	0.3	0	0.5	0.0
2000	0.2	0.006	139.0	178.2	0.27624	0.3022996014471961	1500000.0	1.0	0.5	1.85	1.92	0.17	0.05	0.33	0.3	0	0.5	1.71
2000	0.30000001	0.004	139.0	178.8	0.18916	0.20909173045437046	700000.0	1.2	0.5	2.04	2.1	0.23	0.06	0.62	0.3	0	0.5	1.84
2000	0.40000001	0.003	139.1	179.1	0.11695	0.1282539314367558	320000.0	1.8	0.5	2.3	2.36	0.32	0.09	1.05	0.3	0	0.5	1.93
2000	0.5	0.0024	139.1	179.3	0.06332	0.06966987258804365	140000.0	2.7	0.5	2.72	2.78	0.45	0.13	1.68	0.3	0	0.5	2.0
2000	0.60000002	0.002	139.1	179.4	0.02871	0.028758067518577166	54000.0	4.3	0.5	3.46	3.52	0.64	0.18	2.63	0.3	0	0.5	2.06
2000	0.69999999	0.0017	139.1	179.5	0.00995	0.008385419192324852	6900.0	12.1	0.5	4.83	5.0	0.95	0.27	4.19	0.3	0	0.5	2.11
5000	0.005	0.5952	94.4	64.4	1.48263	1.675170427223539	4500000.0	1.0	0.5	1.17	1.27	0.14	0.02	0.06	0.3	1	0.5	0.0
5000	0.0085	0.3501	107.7	107.2	1.1509	1.3540452257853621	1700000.0	1.0	0.5	0.61	0.79	0.14	0.02	0.1	0.3	0	0.5	0.0
5000	0.02	0.1488	114.9	149.4	0.77333	0.9151607582201103	4400000.0	1.0	0.5	0.62	0.8	0.14	0.02	0.15	0.3	0	0.5	0.0
5000	0.05	0.0595	117.4	168.1	0.52041	0.6194631476061876	2400000.0	1.0	0.5	0.63	0.8	0.14	0.03	0.18	0.3	0	0.5	0.0
5000	0.085	0.035	118.1	173.1	0.41698	0.4952603274504911	1600000.0	1.0	0.5	0.64	0.81	0.15	0.03	0.21	0.3	0	0.5	0.0
5000	0.2	0.0149	118.6	177.1	0.2668	0.3072081813512033	770000.0	1.1	0.5	0.7	0.87	0.17	0.03	0.34	0.3	0	0.5	0.0
5000	0.30000001	0.0099	118.7	178.1	0.17903	0.21139460952733616	340000.0	1.7	0.5	1.79	1.87	0.23	0.04	0.64	0.3	0	0.5	1.55
5000	0.40000001	0.0074	118.8	178.5	0.10863	0.12292017577809677	160000.0	2.5	0.5	2.08	2.15	0.33	0.06	1.08	0.3	0	0.5	1.64
5000	0.5	0.006	118.8	178.8	0.05772	0.06338674216387898	67000.0	3.9	0.5	2.54	2.62	0.45	0.09	1.72	0.3	0	0.5	1.71
5000	0.60000002	0.005	118.9	179.0	0.02566	0.02613026971781804	25000.0	6.3	0.5	3.33	3.43	0.65	0.12	2.68	0.3	0	0.5	1.77
5000	0.69999999	0.0043	118.9	179.2	0.00869	0.007520135473087833	7500.0	11.5	0.5	4.77	4.93	0.97	0.18	4.26	0.3	0	0.5	1.82
5000	0.80000001	0.0037	118.9	179.3	0.00181	0.0015227851543371123	1500.0	25.6	0.5	8.19	8.59	1.68	0.32	7.77	0.3	0	0.5	1.86
10000	0.0085	0.7003	66.6	66.2	1.1943	1.5326213614969715	580000.0	1.3	0.5	1.17	1.28	0.14	0.01	0.06	0.3	1	0.5	0.0
10000	0.02	0.2976	90.3	133.8	0.79056	1.0382616326831806	1600000.0	1.0	0.5	0.61	0.79	0.14	0.02	0.09	0.3	0	0.5	0.0
10000	0.05	0.119	96.8	162.7	0.52305	0.6897253749072824	970000.0	1.0	0.5	0.62	0.8	0.14	0.02	0.16	0.3	0	0.5	0.0
10000	0.085	0.07	98.3	170.0	0.41484	0.5288079061489184	650000.0	1.2	0.5	0.64	0.82	0.15	0.02	0.21	0.3	0	0.5	0.0
10000	0.2	0.0298	99.5	175.8	0.26012	0.320163707115974	310000.0	1.8	0.5	0.71	0.88	0.18	0.02	0.35	0.3	0	0.5	0.0
10000	0.30000001	0.0198	99.8	177.2	0.1721	0.22226306727802564	140000.0	2.7	0.5	0.91	1.07	0.24	0.03	0.66	0.3	0	0.5	0.0
10000	0.40000001	0.0149	100.0	177.9	0.10305	0.13345163703728388	61000.0	4.0	0.5	1.3	1.45	0.33	0.04	1.11	0.3	0	0.5	0.0
10000	0.5	0.0119	100.1	178.4	0.05405	0.06520730376984288	26000.0	6.2	0.5	1.91	2.07	0.46	0.06	1.76	0.3	0	0.5	0.0
10000	0.60000002	0.0099	100.1	178.6	0.02369	0.03150561584838638	9500.0	10.3	0.5	3.26	3.46	0.66	0.08	2.73	0.3	0	0.5	1.55
10000	0.69999999	0.0085	100.1	178.8	0.0079	0.007589961648164816	2800.0	19.0	0.5	4.75	5.14	0.98	0.13	4.32	0.3	0	0.5	1.6
10000	0.80000001	0.0074	100.2	179.0	0.00162	0.0011445831728077772	550.0	42.6	0.5	8.23	9.28	1.69	0.22	7.86	0.3	0	0.5	1.64
20000	0.02	0.5952	56.7	103.1	0.80596	1.1921733054792913	640000.0	1.3	0.5	1.17	1.28	0.15	0.01	0.07	0.3	1	0.5	0.0
20000	0.05	0.2381	73.1	153.9	0.52497	0.7764370654082015	470000.0	1.5	0.5	0.61	0.8	0.14	0.01	0.11	0.3	0	0.5	0.0
20000	0.085	0.1401	76.4	165.4	0.41246	0.5938288525562709	330000.0	1.7	0.5	0.63	0.82	0.15	0.01	0.19	0.3	0	0.5	0.0
20000	0.2	0.0595	78.9	174.0	0.25379	0.35911600094118207	160000.0	2.5	0.5	0.71	0.9	0.18	0.02	0.35	0.3	0	0.5	0.0
20000	0.30000001	0.0397	79.5	176.1	0.1657	0.22869748754164776	70000.0	3.8	0.5	0.92	1.11	0.24	0.02	0.67	0.3	0	0.5	0.0
20000	0.40000001	0.0298	79.8	177.1	0.098	0.13058043566821553	31000.0	5.7	0.5	1.31	1.52	0.34	0.03	1.13	0.3	0	0.5	0.0
20000	0.5	0.0238	80.0	177.7	0.05077	0.07368250319471777	13000.0	8.8	0.5	1.94	2.18	0.47	0.04	1.78	0.3	0	0.5	0.0
20000	0.60000002	0.0198	80.1	178.1	0.02196	0.024894950033463203	4700.0	14.6	0.5	2.91	3.29	0.67	0.06	2.77	0.3	0	0.5	0.0
20000	0.69999999	0.017	80.1	178.3	0.00721	0.010418436150563133	1400.0	27.2	0.5	4.53	5.3	0.99	0.09	4.38	0.3	0	0.5	0.0
20000	0.80000001	0.0149	80.2	178.5	0.00145	0.0010263919984494275	260.0	61.6	0.5	8.15	10.23	1.71	0.15	7.94	0.3	0	0.5	0.0
50000	0.05	0.5952	37.7	126.7	0.52658	0.9907961836188164	190000.0	2.3	0.5	1.17	1.29	0.15	0.01	0.06	0.3	1	0.5	0.0
50000	0.085	0.3501	46.8	153.8	0.40903	0.6956394628765705	150000.0	2.6	0.5	0.62	0.84	0.15	0.01	0.14	0.3	0	0.5	0.0
50000	0.2	0.1488	52.7	170.1	0.24595	0.38799599210081936	76000.0	3.6	0.5	0.7	0.93	0.18	0.01	0.33	0.3	0	0.5	0.0
50000	0.30000001	0.0992	54.0	173.6	0.15799	0.2555843611967839	34000.0	5.5	0.5	0.92	1.18	0.25	0.01	0.66	0.3	0	0.5	0.0
50000	0.40000001	0.0744	54.6	175.2	0.09203	0.14022540975386819	15000.0	8.2	0.5	1.32	1.63	0.34	0.02	1.14	0.3	0	0.5	0.0
50000	0.5	0.0595	55.0	176.2	0.04696	0.05176517990478081	6200.0	12.7	0.5	1.95	2.38	0.47	0.03	1.8	0.3	0	0.5	0.0
50000	0.60000002	0.0496	55.2	176.9	0.01998	0.02675475663212705	2200.0	21.2	0.5	2.94	3.65	0.67	0.04	2.8	0.3	0	0.5	0.0
50000	0.69999999	0.0425	55.4	177.3	0.00644	0.01064067140824852	630.0	39.7	0.5	4.58	6.08	1.0	0.06	4.43	0.3	0	0.5	0.0
50000	0.80000001	0.0372	55.5	177.7	0.00126	-0.000258317966653347	120.0	90.9	0.5	8.23	12.27	1.73	0.1	8.02	0.3	0	0.5	0.0
100000	0.085	0.7003	23.5	128.2	0.40628	0.8181029283665369	40000.0	5.0	0.5	1.17	1.37	0.15	0.0	0.08	0.3	1	0.5	0.0
100000	0.2	0.2976	35.3	164.7	0.24037	0.41877597355448076	23000.0	6.5	0.5	0.67	1.06	0.19	0.01	0.28	0.3	0	0.5	0.0
100000	0.30000001	0.1984	37.5	170.4	0.15264	0.25093368391722337	11000.0	9.5	0.5	0.9	1.4	0.25	0.01	0.64	0.3	0	0.5	0.0
100000	0.40000001	0.1488	38.6	173.0	0.08796	0.1551946831967638	5100.0	14.0	0.5	1.31	1.98	0.34	0.01	1.13	0.3	0	0.5	0.0
100000	0.5	0.119	39.2	174.5	0.04439	0.08646011722695925	2100.0	21.6	0.5	1.96	2.96	0.48	0.02	1.81	0.3	0	0.5	0.0
100000	0.60000002	0.0992	39.6	175.5	0.01867	0.034393864043386145	780.0	35.9	0.5	2.96	4.68	0.68	0.03	2.82	0.3	0	0.5	0.0
100000	0.69999999	0.085	39.9	176.1	0.00594	-0.004105732663069934	220.0	67.5	0.5	4.61	8.19	1.01	0.04	4.46	0.3	0	0.5	0.0
100000	0.80000001	0.0744	40.1	176.6	0.00114	-0.002615923700481515	41.0	155.4	0.5	8.29	17.62	1.74	0.07	8.09	0.3	0	0.5	0.0
200000	0.2	0.5952	19.4	151.8	0.23507	0.7522238830225519	6900.0	12.0	0.5	1.2	1.77	0.19	0.0	0.24	0.3	1	0.5	0.0
200000	0.30000001	0.3968	23.5	164.4	0.14765	0.263555807670806	3800.0	16.3	0.5	0.86	1.91	0.25	0.01	0.58	0.3	0	0.5	0.0
200000	0.40000001	0.2976	25.3	169.1	0.08421	0.11471684238462697	1900.0	23.0	0.5	1.28	2.67	0.35	0.01	1.08	0.3	0	0.5	0.0
200000	0.5	0.2381	26.4	171.6	0.04207	0.04895746520097379	840.0	34.5	0.5	1.94	3.99	0.48	0.01	1.78	0.3	0	0.5	0.0
200000	0.60000002	0.1984	27.0	173.2	0.0175	0.036623806745802456	310.0	56.6	0.5	2.95	6.4	0.69	0.02	2.81	0.3	0	0.5	0.0
200000	0.69999999	0.1701	27.5	174.3	0.0055	0.010908257767188765	90.0	105.7	0.5	4.62	11.55	1.02	0.03	4.47	0.3	0	0.5	0.0
200000	0.80000001	0.1488	27.8	175.0	0.00104	-0.0014548945718128564	17.0	242.7	0.5	8.34	25.67	1.76	0.05	8.13	0.3	0	0.5	0.0
500000	0.40000001	0.744	9.8	152.0	0.07971	0.018109155286174985	410.0	49.6	0.5	1.61	5.24	0.35	0.0	1.06	0.3	1	0.5	0.0
500000	0.5	0.5952	12.3	162.0	0.03932	0.1427119404773537	220.0	67.4	0.5	2.14	7.09	0.49	0.01	1.73	0.3	1	0.5	0.0
500000	0.60000002	0.496	13.7	166.5	0.01613	0.023237765493986137	91.0	104.6	0.5	2.91	10.87	0.7	0.01	2.76	0.3	0	0.5	0.0
500000	0.69999999	0.4252	14.7	169.1	0.00498	0.001669054035017947	28.0	188.0	0.5	4.6	19.36	1.03	0.02	4.44	0.3	0	0.5	0.0
500000	0.80000001	0.372	15.3	170.9	0.00093	0.001780859469296675	5.6	421.0	0.5	8.35	42.92	1.78	0.03	8.14	0.3	0	0.5	0.0
