*
* The data are taken from: Max scenario B
*
*
*
&Data
   Name  = 'LHEC NC ele pp cross section D7:datlhec760ncepp'
   IndexDataset = 2007
   Reaction = 'NC e+-p'

 ! Data table definitions:
   NData   =  157
   NColumn =  19   ! 3 bins, 3 ignore  sigma and 9 errors

 ! Layout of the data table columns: 3 bins, cross-section and 9 errors
 ! The following types are predefined: Bin, Sigma, Error and Dummy (case sensitive!)
  ColumnType = 6*'Bin','Sigma', 'Dummy', 11*'Error'

  ColumnName = 'Q2','x', 'y',3*'ignore', 'reduced x-section','ignore', 'stat','uncor', 2*'ignore','eelen', 'ethee', 'ehadr', 'radco', 'egamp', 'effic', 'enois'

 ! options for bins: depends on Reaction type, for NC e+-p these are 'x', 'Q2' and 'y'
 ! options for the errors: 'stat', 'uncor', 'ignore' or different names for correlated uncertainties


 ! Extra information for the x-section calculation:
   !NInfo    = 4
   !DataInfo =  1296 ,     -1.  ,  1.     ,   0.0
   !CInfo    = 'sqrt(S)','e charge','reduced','e polarity'

   TermName = 'R'
   TermSource = 'use:hf_scheme_DISNC'
   TermInfo = 'type=sigred:flav=incl:echarge=-1:epolarity=0.0'
   TheorExpr = 'R'

   Percent  = 19*True

&END
*        Ep        Ee   eCharge      ePol    Lumifb    lhapdf        NC        CC     itarg    erunco 1 0.5
*     7000.       60.       -1.      0.0     10.0     21000         1         0         1      0.70 1 0.5
*
*      q2         x       y  thetae  thetaj        f2    sigrNC    nevent estat eunco esyst  etot eelen ethee ehadr radco egamp effic enois 
2	2e-06	0.5952	177.9	1.4	2.55899	1.5481106843750245	15000000000.0	0.316227766016838	0.5	1.19	1.29	0.05	0.27	0.07	0.3	1	0.5	0.0
2	5e-06	0.2381	178.5	4.9	1.63468	1.315545369248989	11000000000.0	0.316227766016838	0.5	0.78	0.92	0.06	0.5	0.07	0.3	0	0.5	0.0
2	8.5e-06	0.1401	178.5	8.9	1.36712	1.1812502130517906	4400000000.0	0.316227766016838	0.5	0.84	0.98	0.07	0.6	0.1	0.3	0	0.5	0.0
2	2e-05	0.0595	178.6	21.7	1.05922	1.021610108041091	12000000000.0	0.316227766016838	0.5	0.9	1.03	0.08	0.68	0.1	0.3	0	0.5	0.0
2	5e-05	0.0238	178.6	52.1	0.85115	0.8454789558760872	7400000000.0	0.316227766016838	0.5	0.95	1.08	0.08	0.74	0.1	0.3	0	0.5	0.0
2	8.5e-05	0.014	178.6	79.8	0.76217	0.7596485976266625	2800000000.0	0.316227766016838	0.5	0.97	1.09	0.09	0.77	0.09	0.3	0	0.5	0.0
2	0.0002	0.006	178.6	126.3	0.64789	0.6440227639475741	7500000000.0	0.316227766016838	0.5	1.98	2.04	0.09	0.79	0.09	0.3	0	0.5	1.71
2	0.0005	0.0024	178.6	157.1	0.55182	0.5551653710572771	4900000000.0	0.316227766016838	0.5	2.24	2.29	0.09	0.8	0.08	0.3	0	0.5	2.0
2	0.00085	0.0014	178.6	166.4	0.50554	0.5007557888653998	1600000000.0	0.316227766016838	0.5	2.38	2.43	0.09	0.78	0.08	0.3	0	0.5	2.17
5	5e-06	0.5952	176.6	2.3	3.18775	1.755857447145768	8100000000.0	0.316227766016838	0.5	1.2	1.3	0.08	0.32	0.06	0.3	1	0.5	0.0
5	8.5e-06	0.3501	177.4	4.9	2.55745	1.664956089406349	3500000000.0	0.316227766016838	0.5	0.7	0.86	0.08	0.37	0.06	0.3	0	0.5	0.0
5	2e-05	0.1488	177.7	13.2	1.85422	1.506905410150999	9500000000.0	0.316227766016838	0.5	0.71	0.87	0.07	0.39	0.09	0.3	0	0.5	0.0
5	5e-05	0.0595	177.8	33.8	1.40671	1.285140865493578	6100000000.0	0.316227766016838	0.5	0.72	0.87	0.07	0.4	0.11	0.3	0	0.5	0.0
5	8.5e-05	0.035	177.8	55.2	1.22442	1.1582590117297884	2300000000.0	0.316227766016838	0.5	0.72	0.88	0.07	0.41	0.11	0.3	0	0.5	0.0
5	0.0002	0.0149	177.8	102.4	0.99916	0.9987399866457509	5900000000.0	0.316227766016838	0.5	0.73	0.88	0.07	0.42	0.1	0.3	0	0.5	0.0
5	0.0005	0.006	177.9	144.5	0.81692	0.828383421370649	3800000000.0	0.316227766016838	0.5	1.87	1.93	0.08	0.44	0.1	0.3	0	0.5	1.71
5	0.00085	0.0035	177.9	158.7	0.73107	0.7514296980985509	1400000000.0	0.316227766016838	0.5	2.02	2.09	0.08	0.46	0.1	0.3	0	0.5	1.88
5	0.002	0.0015	177.9	170.9	0.61587	0.6368254095548963	3300000000.0	0.316227766016838	0.5	2.28	2.33	0.08	0.47	0.09	0.3	0	0.5	2.15
10	8.5e-06	0.7003	174.5	2.4	3.77657	2.1596432121245046	1100000000.0	0.316227766016838	0.5	1.18	1.28	0.09	0.19	0.04	0.3	1	0.5	0.0
10	2e-05	0.2976	176.4	8.5	2.71642	2.0239519742328818	3300000000.0	0.316227766016838	0.5	0.65	0.82	0.08	0.27	0.03	0.3	0	0.5	0.0
10	5e-05	0.119	176.8	23.5	2.02194	1.7438650744610145	2300000000.0	0.316227766016838	0.5	0.66	0.83	0.08	0.29	0.09	0.3	0	0.5	0.0
10	8.5e-05	0.07	176.9	39.9	1.7341	1.5621483693981328	860000000.0	0.316227766016838	0.5	0.67	0.84	0.08	0.3	0.1	0.3	0	0.5	0.0
10	0.0002	0.0298	176.9	82.2	1.37628	1.3219900533254576	2200000000.0	0.316227766016838	0.5	0.68	0.84	0.08	0.31	0.11	0.3	0	0.5	0.0
10	0.0005	0.0119	177.0	131.1	1.08788	1.0983600511734524	1400000000.0	0.316227766016838	0.5	0.69	0.85	0.09	0.33	0.12	0.3	0	0.5	0.0
10	0.00085	0.007	177.0	150.1	0.95329	0.9805219914890867	510000000.0	0.316227766016838	0.5	1.8	1.87	0.09	0.34	0.12	0.3	0	0.5	1.66
10	0.002	0.003	177.0	167.1	0.77452	0.8025310615212752	1300000000.0	0.316227766016838	0.5	2.05	2.11	0.09	0.36	0.12	0.3	0	0.5	1.93
10	0.005	0.0012	177.0	174.8	0.62744	0.6627634151627426	550000000.0	0.316227766016838	0.5	2.33	2.38	0.1	0.37	0.11	0.3	0	0.5	2.22
20	2e-05	0.5952	173.3	4.6	3.77686	2.5704330724874946	2300000000.0	0.316227766016838	0.5	1.17	1.27	0.09	0.16	0.01	0.3	1	0.5	0.0
20	5e-05	0.2381	175.1	15.6	2.77114	2.263231207168508	1900000000.0	0.316227766016838	0.5	0.63	0.8	0.09	0.22	0.04	0.3	0	0.5	0.0
20	8.5e-05	0.1401	175.4	27.7	2.34743	2.0537165766785654	750000000.0	0.316227766016838	0.5	0.64	0.81	0.09	0.23	0.09	0.3	0	0.5	0.0
20	0.0002	0.0595	175.6	62.5	1.81838	1.6980638433770627	2000000000.0	0.316227766016838	0.5	0.65	0.82	0.09	0.24	0.11	0.3	0	0.5	0.0
20	0.0005	0.0238	175.7	114.2	1.39438	1.3809383778362296	1200000000.0	0.316227766016838	0.5	0.66	0.83	0.09	0.26	0.13	0.3	0	0.5	0.0
20	0.00085	0.014	175.7	138.5	1.1987	1.2080861709253863	430000000.0	0.316227766016838	0.5	0.66	0.83	0.1	0.27	0.13	0.3	0	0.5	0.0
20	0.002	0.006	175.7	161.8	0.9422	0.96852186298919	1100000000.0	0.316227766016838	0.5	1.84	1.91	0.1	0.28	0.13	0.3	0	0.5	1.71
20	0.005	0.0024	175.7	172.7	0.73444	0.7706618770772263	650000000.0	0.316227766016838	0.5	2.11	2.17	0.1	0.29	0.13	0.3	0	0.5	2.0
20	0.0085	0.0014	175.7	175.7	0.64123	0.6808319825995122	200000000.0	0.316227766016838	0.5	2.27	2.33	0.11	0.29	0.12	0.3	0	0.5	2.17
50	5e-05	0.5952	169.4	7.2	4.03221	2.992448279656664	1100000000.0	0.316227766016838	0.5	1.17	1.27	0.1	0.12	0.01	0.3	1	0.5	0.0
50	8.5e-05	0.3501	171.6	15.5	3.36549	2.790233275007339	480000000.0	0.316227766016838	0.5	0.61	0.79	0.1	0.15	0.02	0.3	0	0.5	0.0
50	0.0002	0.1488	172.7	40.1	2.53267	2.2583539313834935	1300000000.0	0.316227766016838	0.5	0.62	0.8	0.1	0.17	0.09	0.3	0	0.5	0.0
50	0.0005	0.0595	173.0	87.7	1.87297	1.7879567475071223	840000000.0	0.316227766016838	0.5	0.63	0.81	0.1	0.18	0.13	0.3	0	0.5	0.0
50	0.00085	0.035	173.1	117.7	1.57355	1.5560222424388273	300000000.0	0.316227766016838	0.5	0.64	0.81	0.1	0.19	0.14	0.3	0	0.5	0.0
50	0.002	0.0149	173.2	151.4	1.18833	1.2164187939693134	740000000.0	0.316227766016838	0.5	0.64	0.81	0.11	0.2	0.15	0.3	0	0.5	0.0
50	0.005	0.006	173.2	168.4	0.88381	0.9330919680900681	430000000.0	0.316227766016838	0.5	1.83	1.9	0.11	0.2	0.15	0.3	0	0.5	1.71
50	0.0085	0.0035	173.2	173.2	0.74949	0.7969717927701272	150000000.0	0.316227766016838	0.5	1.99	2.05	0.11	0.21	0.15	0.3	0	0.5	1.88
50	0.02	0.0015	173.3	177.1	0.58657	0.6204251473877946	330000000.0	0.316227766016838	0.5	2.24	2.3	0.12	0.21	0.13	0.3	0	0.5	2.15
100	8.5e-05	0.7003	162.7	7.5	4.21424	3.1626267307202967	130000000.0	0.316227766016838	0.5	1.16	1.27	0.11	0.07	0.0	0.3	1	0.5	0.0
100	0.0002	0.2976	168.6	26.4	3.1142	2.7422316335594963	380000000.0	0.316227766016838	0.5	0.6	0.78	0.11	0.11	0.03	0.3	0	0.5	0.0
100	0.0005	0.119	169.9	66.6	2.25131	2.14597644155398	260000000.0	0.316227766016838	0.5	0.62	0.79	0.11	0.13	0.11	0.3	0	0.5	0.0
100	0.00085	0.07	170.1	97.9	1.86439	1.814985354907218	94000000.0	0.316227766016838	0.5	0.63	0.8	0.11	0.13	0.14	0.3	0	0.5	0.0
100	0.002	0.0298	170.3	140.1	1.37296	1.3888242026223123	230000000.0	0.316227766016838	0.5	0.63	0.81	0.12	0.14	0.16	0.3	0	0.5	0.0
100	0.005	0.0119	170.4	163.6	0.99125	1.0372557325772767	130000000.0	0.316227766016838	0.5	0.64	0.81	0.12	0.15	0.17	0.3	0	0.5	0.0
100	0.0085	0.007	170.4	170.4	0.82515	0.8720072130295714	45000000.0	0.316227766016838	0.5	1.78	1.85	0.12	0.15	0.17	0.3	0	0.5	1.66
100	0.02	0.003	170.5	175.9	0.62555	0.6688922715029555	110000000.0	0.316227766016838	0.5	2.03	2.09	0.12	0.15	0.15	0.3	0	0.5	1.93
100	0.05	0.0012	170.5	178.4	0.48228	0.5052426617818084	43000000.0	0.316227766016838	0.5	2.31	2.36	0.12	0.15	0.14	0.3	0	0.5	2.22
200	0.0002	0.5952	159.0	14.4	3.71466	3.077939735509363	230000000.0	0.316227766016838	0.5	1.16	1.27	0.11	0.06	0.01	0.3	1	0.5	0.0
200	0.0005	0.2381	164.6	46.7	2.63339	2.4544383241817878	190000000.0	0.316227766016838	0.5	0.61	0.79	0.12	0.09	0.07	0.3	0	0.5	0.0
200	0.00085	0.1401	165.5	75.9	2.15393	2.1072969636809344	70000000.0	0.316227766016838	0.5	0.62	0.79	0.12	0.1	0.12	0.3	0	0.5	0.0
200	0.002	0.0595	166.1	125.0	1.55221	1.5659402490815508	170000000.0	0.316227766016838	0.5	0.62	0.8	0.12	0.1	0.16	0.3	0	0.5	0.0
200	0.005	0.0238	166.4	156.9	1.09228	1.1489071047262858	97000000.0	0.316227766016838	0.5	0.63	0.81	0.12	0.11	0.18	0.3	0	0.5	0.0
200	0.0085	0.014	166.5	166.4	0.89476	0.9518034502674301	33000000.0	0.316227766016838	0.5	0.63	0.81	0.13	0.11	0.18	0.3	0	0.5	0.0
200	0.02	0.006	166.5	174.2	0.65982	0.7056958532305011	78000000.0	0.316227766016838	0.5	1.83	1.89	0.13	0.11	0.17	0.3	0	0.5	1.71
200	0.05	0.0024	166.5	177.7	0.49319	0.5185168664366199	45000000.0	0.316227766016838	0.5	2.1	2.16	0.13	0.11	0.15	0.3	0	0.5	2.0
200	0.085	0.0014	166.5	178.6	0.42057	0.4312547064067946	21000000.0	0.316227766016838	0.5	2.26	2.31	0.13	0.11	0.16	0.3	0	0.5	2.17
500	0.0005	0.5952	147.4	22.5	3.13744	2.799178892768464	86000000.0	0.316227766016838	0.5	1.17	1.27	0.12	0.05	0.02	0.3	1	0.5	0.0
500	0.00085	0.3501	154.0	46.4	2.53048	2.3991315958394095	35000000.0	0.316227766016838	0.5	0.6	0.78	0.12	0.06	0.07	0.3	0	0.5	0.0
500	0.002	0.1488	157.2	98.2	1.77925	1.7921202031827117	91000000.0	0.316227766016838	0.5	0.62	0.79	0.13	0.07	0.13	0.3	0	0.5	0.0
500	0.005	0.0595	158.2	143.5	1.2161	1.2807364587647605	52000000.0	0.316227766016838	0.5	0.63	0.8	0.13	0.08	0.18	0.3	0	0.5	0.0
500	0.0085	0.035	158.5	158.3	0.97816	1.0493507655756524	18000000.0	0.316227766016838	0.5	0.63	0.8	0.13	0.08	0.18	0.3	0	0.5	0.0
500	0.02	0.0149	158.7	170.8	0.69895	0.7614071541681361	41000000.0	0.316227766016838	0.5	0.63	0.8	0.13	0.08	0.18	0.3	0	0.5	0.0
500	0.05	0.006	158.8	176.3	0.50423	0.5286135504863885	23000000.0	0.316227766016838	0.5	1.82	1.89	0.13	0.08	0.16	0.3	0	0.5	1.71
500	0.085	0.0035	158.9	177.8	0.4211	0.4455093731535462	16000000.0	0.316227766016838	0.5	1.98	2.05	0.14	0.08	0.18	0.3	0	0.5	1.88
500	0.2	0.0015	158.9	179.1	0.29193	0.3087044083353135	5600000.0	0.316227766016838	0.5	2.25	2.31	0.16	0.09	0.28	0.3	0	0.5	2.15
1000	0.00085	0.7003	128.6	23.3	2.80821	2.5301248573210295	12000000.0	0.316227766016838	0.5	1.17	1.27	0.13	0.03	0.03	0.3	1	0.5	0.0
1000	0.002	0.2976	145.1	73.2	1.94285	1.9856061886525347	34000000.0	0.316227766016838	0.5	0.6	0.78	0.13	0.04	0.07	0.3	0	0.5	0.0
1000	0.005	0.119	148.6	128.6	1.30271	1.3799991189732619	21000000.0	0.316227766016838	0.5	0.62	0.8	0.13	0.05	0.16	0.3	0	0.5	0.0
1000	0.0085	0.07	149.4	149.2	1.03531	1.124064686937718	7200000.0	0.316227766016838	0.5	0.63	0.8	0.13	0.05	0.18	0.3	0	0.5	0.0
1000	0.02	0.0298	150.0	166.9	0.72456	0.7813427138358046	17000000.0	0.316227766016838	0.5	0.63	0.8	0.13	0.05	0.19	0.3	0	0.5	0.0
1000	0.05	0.0119	150.3	174.8	0.51058	0.5473390370935671	9200000.0	0.316227766016838	0.5	0.63	0.8	0.13	0.05	0.18	0.3	0	0.5	0.0
1000	0.085	0.007	150.4	176.9	0.42052	0.4439645456154914	6200000.0	0.316227766016838	0.5	1.78	1.85	0.14	0.06	0.19	0.3	0	0.5	1.66
1000	0.2	0.003	150.4	178.7	0.28386	0.30151695876465107	3100000.0	0.316227766016838	0.5	2.05	2.11	0.17	0.07	0.31	0.3	0	0.5	1.93
1000	0.30000001	0.002	150.4	179.1	0.19767	0.21326923616601798	1400000.0	0.316227766016838	0.5	2.23	2.29	0.23	0.09	0.59	0.3	0	0.5	2.06
1000	0.40000001	0.0015	150.5	179.4	0.12412	0.1359266969044066	670000.0	0.379473319220206	0.5	2.47	2.53	0.31	0.13	1.02	0.3	0	0.5	2.15
1000	0.5	0.0012	150.5	179.5	0.06824	0.07474824922578563	120000.0	0.885437744847146	0.5	2.87	2.93	0.44	0.17	1.65	0.3	0	0.5	2.22
2000	0.002	0.5952	119.3	43.4	2.09945	2.0989094828848955	14000000.0	0.316227766016838	0.5	1.17	1.27	0.13	0.02	0.05	0.3	1	0.5	0.0
2000	0.005	0.2381	133.8	107.6	1.38368	1.494589635919467	10000000.0	0.316227766016838	0.5	0.61	0.79	0.14	0.03	0.11	0.3	0	0.5	0.0
2000	0.0085	0.1401	136.2	135.9	1.08784	1.1885425093065134	3700000.0	0.316227766016838	0.5	0.62	0.8	0.14	0.04	0.16	0.3	0	0.5	0.0
2000	0.02	0.0595	138.0	161.3	0.74722	0.8327536636115691	8700000.0	0.316227766016838	0.5	0.63	0.8	0.14	0.04	0.18	0.3	0	0.5	0.0
2000	0.05	0.0238	138.7	172.6	0.51555	0.555874644487699	4700000.0	0.316227766016838	0.5	0.63	0.8	0.14	0.04	0.18	0.3	0	0.5	0.0
2000	0.085	0.014	138.9	175.7	0.4193	0.4546144611867638	3100000.0	0.316227766016838	0.5	0.64	0.81	0.14	0.04	0.2	0.3	0	0.5	0.0
2000	0.2	0.006	139.0	178.2	0.27624	0.30056826799024955	1500000.0	0.316227766016838	0.5	1.85	1.92	0.17	0.05	0.33	0.3	0	0.5	1.71
2000	0.30000001	0.004	139.0	178.8	0.18916	0.20464489077163928	700000.0	0.379473319220206	0.5	2.04	2.1	0.23	0.06	0.62	0.3	0	0.5	1.84
2000	0.40000001	0.003	139.1	179.1	0.11695	0.13129500718706677	320000.0	0.569209978830308	0.5	2.3	2.36	0.32	0.09	1.05	0.3	0	0.5	1.93
2000	0.5	0.0024	139.1	179.3	0.06332	0.07061729460215323	140000.0	0.853814968245463	0.5	2.72	2.78	0.45	0.13	1.68	0.3	0	0.5	2.0
2000	0.60000002	0.002	139.1	179.4	0.02871	0.02870338244881687	54000.0	1.3597793938724	0.5	3.46	3.52	0.64	0.18	2.63	0.3	0	0.5	2.06
2000	0.69999999	0.0017	139.1	179.5	0.00995	0.009343933326457885	6900.0	3.82635596880374	0.5	4.83	5.0	0.95	0.27	4.19	0.3	0	0.5	2.11
5000	0.005	0.5952	94.4	64.4	1.48263	1.6851599900028957	4500000.0	0.316227766016838	0.5	1.17	1.27	0.14	0.02	0.06	0.3	1	0.5	0.0
5000	0.0085	0.3501	107.7	107.2	1.1509	1.3530318320704233	1700000.0	0.316227766016838	0.5	0.61	0.79	0.14	0.02	0.1	0.3	0	0.5	0.0
5000	0.02	0.1488	114.9	149.4	0.77333	0.91924858319368	4400000.0	0.316227766016838	0.5	0.62	0.8	0.14	0.02	0.15	0.3	0	0.5	0.0
5000	0.05	0.0595	117.4	168.1	0.52041	0.6096674246766962	2400000.0	0.316227766016838	0.5	0.63	0.8	0.14	0.03	0.18	0.3	0	0.5	0.0
5000	0.085	0.035	118.1	173.1	0.41698	0.4868738206441315	1600000.0	0.316227766016838	0.5	0.64	0.81	0.15	0.03	0.21	0.3	0	0.5	0.0
5000	0.2	0.0149	118.6	177.1	0.2668	0.3058607871798631	770000.0	0.347850542618522	0.5	0.7	0.87	0.17	0.03	0.34	0.3	0	0.5	0.0
5000	0.30000001	0.0099	118.7	178.1	0.17903	0.2093137085768603	340000.0	0.537587202228625	0.5	1.79	1.87	0.23	0.04	0.64	0.3	0	0.5	1.55
5000	0.40000001	0.0074	118.8	178.5	0.10863	0.1290537845528216	160000.0	0.790569415042095	0.5	2.08	2.15	0.33	0.06	1.08	0.3	0	0.5	1.64
5000	0.5	0.006	118.8	178.8	0.05772	0.06717253132802746	67000.0	1.23328828746567	0.5	2.54	2.62	0.45	0.09	1.72	0.3	0	0.5	1.71
5000	0.60000002	0.005	118.9	179.0	0.02566	0.026825455740995645	25000.0	1.99223492590608	0.5	3.33	3.43	0.65	0.12	2.68	0.3	0	0.5	1.77
5000	0.69999999	0.0043	118.9	179.2	0.00869	0.007357341681657917	7500.0	3.63661930919364	0.5	4.77	4.93	0.97	0.18	4.26	0.3	0	0.5	1.82
5000	0.80000001	0.0037	118.9	179.3	0.00181	0.0010719462867294842	1500.0	8.09543081003105	0.5	8.19	8.59	1.68	0.32	7.77	0.3	0	0.5	1.86
10000	0.0085	0.7003	66.6	66.2	1.1943	1.5399514319024847	580000.0	0.411096095821889	0.5	1.17	1.28	0.14	0.01	0.06	0.3	1	0.5	0.0
10000	0.02	0.2976	90.3	133.8	0.79056	1.0520939044703328	1600000.0	0.316227766016838	0.5	0.61	0.79	0.14	0.02	0.09	0.3	0	0.5	0.0
10000	0.05	0.119	96.8	162.7	0.52305	0.6829408724493983	970000.0	0.316227766016838	0.5	0.62	0.8	0.14	0.02	0.16	0.3	0	0.5	0.0
10000	0.085	0.07	98.3	170.0	0.41484	0.5281852011639141	650000.0	0.379473319220206	0.5	0.64	0.82	0.15	0.02	0.21	0.3	0	0.5	0.0
10000	0.2	0.0298	99.5	175.8	0.26012	0.32933733347974037	310000.0	0.569209978830308	0.5	0.71	0.88	0.18	0.02	0.35	0.3	0	0.5	0.0
10000	0.30000001	0.0198	99.8	177.2	0.1721	0.21553796216566004	140000.0	0.853814968245463	0.5	0.91	1.07	0.24	0.03	0.66	0.3	0	0.5	0.0
10000	0.40000001	0.0149	100.0	177.9	0.10305	0.12855514918959	61000.0	1.26491106406735	0.5	1.3	1.45	0.33	0.04	1.11	0.3	0	0.5	0.0
10000	0.5	0.0119	100.1	178.4	0.05405	0.06459563044539939	26000.0	1.9606121493044	0.5	1.91	2.07	0.46	0.06	1.76	0.3	0	0.5	0.0
10000	0.60000002	0.0099	100.1	178.6	0.02369	0.0277235161988221	9500.0	3.25714598997343	0.5	3.26	3.46	0.66	0.08	2.73	0.3	0	0.5	1.55
10000	0.69999999	0.0085	100.1	178.8	0.0079	0.008651755870747756	2800.0	6.00832755431992	0.5	4.75	5.14	0.98	0.13	4.32	0.3	0	0.5	1.6
10000	0.80000001	0.0074	100.2	179.0	0.00162	0.0010908350876456547	550.0	13.4713028323173	0.5	8.23	9.28	1.69	0.22	7.86	0.3	0	0.5	1.64
20000	0.02	0.5952	56.7	103.1	0.80596	1.2295430214584642	640000.0	0.411096095821889	0.5	1.17	1.28	0.15	0.01	0.07	0.3	1	0.5	0.0
20000	0.05	0.2381	73.1	153.9	0.52497	0.7834374631603177	470000.0	0.474341649025257	0.5	0.61	0.8	0.14	0.01	0.11	0.3	0	0.5	0.0
20000	0.085	0.1401	76.4	165.4	0.41246	0.5961292423131757	330000.0	0.537587202228625	0.5	0.63	0.82	0.15	0.01	0.19	0.3	0	0.5	0.0
20000	0.2	0.0595	78.9	174.0	0.25379	0.3521209742270272	160000.0	0.790569415042095	0.5	0.71	0.9	0.18	0.02	0.35	0.3	0	0.5	0.0
20000	0.30000001	0.0397	79.5	176.1	0.1657	0.23288134410042213	70000.0	1.20166551086398	0.5	0.92	1.11	0.24	0.02	0.67	0.3	0	0.5	0.0
20000	0.40000001	0.0298	79.8	177.1	0.098	0.1374781328467839	31000.0	1.80249826629598	0.5	1.31	1.52	0.34	0.03	1.13	0.3	0	0.5	0.0
20000	0.5	0.0238	80.0	177.7	0.05077	0.06878072835831527	13000.0	2.78280434094817	0.5	1.94	2.18	0.47	0.04	1.78	0.3	0	0.5	0.0
20000	0.60000002	0.0198	80.1	178.1	0.02196	0.025245567308107238	4700.0	4.61692538384583	0.5	2.91	3.29	0.67	0.06	2.77	0.3	0	0.5	0.0
20000	0.69999999	0.017	80.1	178.3	0.00721	0.005972664740629315	1400.0	8.60139523565799	0.5	4.53	5.3	0.99	0.09	4.38	0.3	0	0.5	0.0
20000	0.80000001	0.0149	80.2	178.5	0.00145	0.0010096980791977467	260.0	19.4796303866372	0.5	8.15	10.23	1.71	0.15	7.94	0.3	0	0.5	0.0
50000	0.05	0.5952	37.7	126.7	0.52658	0.9768066000048465	190000.0	0.727323861838727	0.5	1.17	1.29	0.15	0.01	0.06	0.3	1	0.5	0.0
50000	0.085	0.3501	46.8	153.8	0.40903	0.7291896941611751	150000.0	0.822192191643779	0.5	0.62	0.84	0.15	0.01	0.14	0.3	0	0.5	0.0
50000	0.2	0.1488	52.7	170.1	0.24595	0.3985475119683612	76000.0	1.13841995766062	0.5	0.7	0.93	0.18	0.01	0.33	0.3	0	0.5	0.0
50000	0.30000001	0.0992	54.0	173.6	0.15799	0.24220940034143149	34000.0	1.73925271309261	0.5	0.92	1.18	0.25	0.01	0.66	0.3	0	0.5	0.0
50000	0.40000001	0.0744	54.6	175.2	0.09203	0.14080927773002488	15000.0	2.59306768133807	0.5	1.32	1.63	0.34	0.02	1.14	0.3	0	0.5	0.0
50000	0.5	0.0595	55.0	176.2	0.04696	0.07293254547951912	6200.0	4.01609262841384	0.5	1.95	2.38	0.47	0.03	1.8	0.3	0	0.5	0.0
50000	0.60000002	0.0496	55.2	176.9	0.01998	0.026919982751987724	2200.0	6.70402863955697	0.5	2.94	3.65	0.67	0.04	2.8	0.3	0	0.5	0.0
50000	0.69999999	0.0425	55.4	177.3	0.00644	0.007900507428608067	630.0	12.5542423108685	0.5	4.58	6.08	1.0	0.06	4.43	0.3	0	0.5	0.0
50000	0.80000001	0.0372	55.5	177.7	0.00126	0.0005630653551514275	120.0	28.7451039309306	0.5	8.23	12.27	1.73	0.1	8.02	0.3	0	0.5	0.0
100000	0.085	0.7003	23.5	128.2	0.40628	0.8721548370116733	40000.0	1.58113883008419	0.5	1.17	1.37	0.15	0.0	0.08	0.3	1	0.5	0.0
100000	0.2	0.2976	35.3	164.7	0.24037	0.45550657370314745	23000.0	2.05548047910945	0.5	0.67	1.06	0.19	0.01	0.28	0.3	0	0.5	0.0
100000	0.30000001	0.1984	37.5	170.4	0.15264	0.2693167265853921	11000.0	3.00416377715996	0.5	0.9	1.4	0.25	0.01	0.64	0.3	0	0.5	0.0
100000	0.40000001	0.1488	38.6	173.0	0.08796	0.1604569148795376	5100.0	4.42718872423573	0.5	1.31	1.98	0.34	0.01	1.13	0.3	0	0.5	0.0
100000	0.5	0.119	39.2	174.5	0.04439	0.073159376855482	2100.0	6.8305197459637	0.5	1.96	2.96	0.48	0.02	1.81	0.3	0	0.5	0.0
100000	0.60000002	0.0992	39.6	175.5	0.01867	0.025979587559817968	780.0	11.3525768000045	0.5	2.96	4.68	0.68	0.03	2.82	0.3	0	0.5	0.0
100000	0.69999999	0.085	39.9	176.1	0.00594	0.004848745142075083	220.0	21.3453742061366	0.5	4.61	8.19	1.01	0.04	4.46	0.3	0	0.5	0.0
100000	0.80000001	0.0744	40.1	176.6	0.00114	0.0015276973940073354	41.0	49.1417948390166	0.5	8.29	17.62	1.74	0.07	8.09	0.3	0	0.5	0.0
200000	0.2	0.5952	19.4	151.8	0.23507	0.6061288482069035	6900.0	3.79473319220205	0.5	1.2	1.77	0.19	0.0	0.24	0.3	1	0.5	0.0
200000	0.30000001	0.3968	23.5	164.4	0.14765	0.33985810062792515	3800.0	5.15451258607446	0.5	0.86	1.91	0.25	0.01	0.58	0.3	0	0.5	0.0
200000	0.40000001	0.2976	25.3	169.1	0.08421	0.17348602232196073	1900.0	7.27323861838727	0.5	1.28	2.67	0.35	0.01	1.08	0.3	0	0.5	0.0
200000	0.5	0.2381	26.4	171.6	0.04207	0.056159783331938336	840.0	10.9098579275809	0.5	1.94	3.99	0.48	0.01	1.78	0.3	0	0.5	0.0
200000	0.60000002	0.1984	27.0	173.2	0.0175	0.02863751724258543	310.0	17.898491556553	0.5	2.95	6.4	0.69	0.02	2.81	0.3	0	0.5	0.0
200000	0.69999999	0.1701	27.5	174.3	0.0055	0.007027378694551199	90.0	33.4252748679798	0.5	4.62	11.55	1.02	0.03	4.47	0.3	0	0.5	0.0
200000	0.80000001	0.1488	27.8	175.0	0.00104	0.0017296839809542606	17.0	76.7484788122866	0.5	8.34	25.67	1.76	0.05	8.13	0.3	0	0.5	0.0
500000	0.40000001	0.744	9.8	152.0	0.07971	0.19736797075828355	410.0	15.6848971944352	0.5	1.61	5.24	0.35	0.0	1.06	0.3	1	0.5	0.0
500000	0.5	0.5952	12.3	162.0	0.03932	0.09366585046270014	220.0	21.3137514295349	0.5	2.14	7.09	0.49	0.01	1.73	0.3	1	0.5	0.0
500000	0.60000002	0.496	13.7	166.5	0.01613	0.0396257291799903	91.0	33.0774243253612	0.5	2.91	10.87	0.7	0.01	2.76	0.3	0	0.5	0.0
500000	0.69999999	0.4252	14.7	169.1	0.00498	0.008499369974671836	28.0	59.4508200111655	0.5	4.6	19.36	1.03	0.02	4.44	0.3	0	0.5	0.0
500000	0.80000001	0.372	15.3	170.9	0.00093	0.0020705659145409034	5.6	133.131889493089	0.5	8.35	42.92	1.78	0.03	8.14	0.3	0	0.5	0.0
