*
* The data are taken from: Max scenario B
*
*
*
&Data
   Name  = 'LHEC NC ele pp cross section D2: datlhec760lowLncem'
   IndexDataset = 2002
   Reaction = 'NC e+-p'

 ! Data table definitions:
   NData   =  100
   NColumn =  19   ! 3 bins, 3 ignore  sigma and 9 errors

 ! Layout of the data table columns: 3 bins, cross-section and 9 errors
 ! The following types are predefined: Bin, Sigma, Error and Dummy (case sensitive!)
  ColumnType = 6*'Bin','Sigma', 'Dummy', 11*'Error'

  ColumnName = 'Q2','x', 'y',3*'ignore', 'reduced x-section','ignore', 'stat','uncor', 2*'ignore','eelen', 'ethee', 'ehadr', 'radco', 'egamp', 'effic', 'enois'

 ! options for bins: depends on Reaction type, for NC e+-p these are 'x', 'Q2' and 'y'
 ! options for the errors: 'stat', 'uncor', 'ignore' or different names for correlated uncertainties


 ! Extra information for the x-section calculation:
   !NInfo    = 4
   !DataInfo =  1296 ,     -1.  ,  1.     ,   -0.8
   !CInfo    = 'sqrt(S)','e charge','reduced','e polarity'

   TermName = 'R'
   TermSource = 'use:hf_scheme_DISNC'
   TermInfo = 'type=sigred:flav=incl:echarge=-1:epolarity=-0.8'
   TheorExpr = 'R'

   Percent  = 19*True

&END
*        Ep        Ee   eCharge      ePol    Lumifb    lhapdf        NC        CC     itarg    erunco 1 0.5
*     7000.       60.       -1.      -0.8     50.0       21000         1         0         1      0.70 1 0.5
*
*      q2         x       y  thetae  thetaj        f2    sigrNC    nevent estat eunco esyst  etot eelen ethee ehadr radco egamp effic enois 
2	2e-06	0.5952	177.9	1.4	2.55899	1.5566864919822148	15000000000	0.14142135623731	0.5	1.19	1.29	0.05	0.27	0.07	0.3	1	0.5	0.0
2	5e-06	0.2381	178.5	4.9	1.63468	1.3391473452525346	11000000000	0.14142135623731	0.5	0.78	0.92	0.06	0.5	0.07	0.3	0	0.5	0.0
2	8.5e-06	0.1401	178.5	8.9	1.36712	1.1940000352310016	4400000000	0.14142135623731	0.5	0.84	0.98	0.07	0.6	0.1	0.3	0	0.5	0.0
2	2e-05	0.0595	178.6	21.7	1.05922	1.0212698196113021	12000000000	0.14142135623731	0.5	0.9	1.03	0.08	0.68	0.1	0.3	0	0.5	0.0
2	5e-05	0.0238	178.6	52.1	0.85115	0.8496227706201123	7400000000	0.14142135623731	0.5	0.95	1.08	0.08	0.74	0.1	0.3	0	0.5	0.0
2	8.5e-05	0.014	178.6	79.8	0.76217	0.7814734222410501	2800000000	0.14142135623731	0.5	0.97	1.09	0.09	0.77	0.09	0.3	0	0.5	0.0
2	0.0002	0.006	178.6	126.3	0.64789	0.6587776581861374	7500000000	0.14142135623731	0.5	1.98	2.04	0.09	0.79	0.09	0.3	0	0.5	1.71
2	0.0005	0.0024	178.6	157.1	0.55182	0.5562142271785033	4900000000	0.14142135623731	0.5	2.24	2.29	0.09	0.8	0.08	0.3	0	0.5	2.0
2	0.00085	0.0014	178.6	166.4	0.50554	0.511277274798875	1600000000	0.14142135623731	0.5	2.38	2.43	0.09	0.78	0.08	0.3	0	0.5	2.17
5	5e-06	0.5952	176.6	2.3	3.18775	1.7636879421257832	8100000000	0.14142135623731	0.5	1.2	1.3	0.08	0.32	0.06	0.3	1	0.5	0.0
5	8.5e-06	0.3501	177.4	4.9	2.55745	1.6664867896633606	3500000000	0.14142135623731	0.5	0.7	0.86	0.08	0.37	0.06	0.3	0	0.5	0.0
5	2e-05	0.1488	177.7	13.2	1.85422	1.4901835123030076	9500000000	0.14142135623731	0.5	0.71	0.87	0.07	0.39	0.09	0.3	0	0.5	0.0
5	5e-05	0.0595	177.8	33.8	1.40671	1.2882104518615725	6100000000	0.14142135623731	0.5	0.72	0.87	0.07	0.4	0.11	0.3	0	0.5	0.0
5	8.5e-05	0.035	177.8	55.2	1.22442	1.16908257721278	2300000000	0.14142135623731	0.5	0.72	0.88	0.07	0.41	0.11	0.3	0	0.5	0.0
5	0.0002	0.0149	177.8	102.4	0.99916	0.9927881584326401	5900000000	0.14142135623731	0.5	0.73	0.88	0.07	0.42	0.1	0.3	0	0.5	0.0
5	0.0005	0.006	177.9	144.5	0.81692	0.8376449683376653	3800000000	0.14142135623731	0.5	1.87	1.93	0.08	0.44	0.1	0.3	0	0.5	1.71
5	0.00085	0.0035	177.9	158.7	0.73107	0.7667228170732077	1400000000	0.14142135623731	0.5	2.02	2.09	0.08	0.46	0.1	0.3	0	0.5	1.88
5	0.002	0.0015	177.9	170.9	0.61587	0.6603439499424502	3300000000	0.14142135623731	0.5	2.28	2.33	0.08	0.47	0.09	0.3	0	0.5	2.15
10	8.5e-06	0.7003	174.5	2.4	3.77657	2.174398607407636	1100000000	0.14142135623731	0.5	1.18	1.28	0.09	0.19	0.04	0.3	1	0.5	0.0
10	2e-05	0.2976	176.4	8.5	2.71642	2.013104776531058	3300000000	0.14142135623731	0.5	0.65	0.82	0.08	0.27	0.03	0.3	0	0.5	0.0
10	5e-05	0.119	176.8	23.5	2.02194	1.7451673277563151	2300000000	0.14142135623731	0.5	0.66	0.83	0.08	0.29	0.09	0.3	0	0.5	0.0
10	8.5e-05	0.07	176.9	39.9	1.7341	1.5845650948730265	860000000	0.14142135623731	0.5	0.67	0.84	0.08	0.3	0.1	0.3	0	0.5	0.0
10	0.0002	0.0298	176.9	82.2	1.37628	1.3329116679465165	2200000000	0.14142135623731	0.5	0.68	0.84	0.08	0.31	0.11	0.3	0	0.5	0.0
10	0.0005	0.0119	177.0	131.1	1.08788	1.0893463626083362	1400000000	0.14142135623731	0.5	0.69	0.85	0.09	0.33	0.12	0.3	0	0.5	0.0
10	0.00085	0.007	177.0	150.1	0.95329	0.9786674170407396	510000000	0.14142135623731	0.5	1.8	1.87	0.09	0.34	0.12	0.3	0	0.5	1.66
10	0.002	0.003	177.0	167.1	0.77452	0.8105068720594059	1300000000	0.14142135623731	0.5	2.05	2.11	0.09	0.36	0.12	0.3	0	0.5	1.93
10	0.005	0.0012	177.0	174.8	0.62744	0.6677275371892675	550000000	0.14142135623731	0.5	2.33	2.38	0.1	0.37	0.11	0.3	0	0.5	2.22
20	2e-05	0.5952	173.3	4.6	3.77686	2.600408942647895	2300000000	0.14142135623731	0.5	1.17	1.27	0.09	0.16	0.01	0.3	1	0.5	0.0
20	5e-05	0.2381	175.1	15.6	2.77114	2.301928693248645	1900000000	0.14142135623731	0.5	0.63	0.8	0.09	0.22	0.04	0.3	0	0.5	0.0
20	8.5e-05	0.1401	175.4	27.7	2.34743	2.048078797990555	750000000	0.14142135623731	0.5	0.64	0.81	0.09	0.23	0.09	0.3	0	0.5	0.0
20	0.0002	0.0595	175.6	62.5	1.81838	1.7141088396417365	2000000000	0.14142135623731	0.5	0.65	0.82	0.09	0.24	0.11	0.3	0	0.5	0.0
20	0.0005	0.0238	175.7	114.2	1.39438	1.3764047000410866	1200000000	0.14142135623731	0.5	0.66	0.83	0.09	0.26	0.13	0.3	0	0.5	0.0
20	0.00085	0.014	175.7	138.5	1.1987	1.2113272878422785	440000000	0.14142135623731	0.5	0.66	0.83	0.1	0.27	0.13	0.3	0	0.5	0.0
20	0.002	0.006	175.7	161.8	0.9422	0.9930222751476594	1100000000	0.14142135623731	0.5	1.84	1.91	0.1	0.28	0.13	0.3	0	0.5	1.71
20	0.005	0.0024	175.7	172.7	0.73444	0.7790485765202231	650000000	0.14142135623731	0.5	2.11	2.17	0.1	0.29	0.13	0.3	0	0.5	2.0
20	0.0085	0.0014	175.7	175.7	0.64123	0.6904095145402172	200000000	0.14142135623731	0.5	2.27	2.33	0.11	0.29	0.12	0.3	0	0.5	2.17
50	5e-05	0.5952	169.4	7.2	4.03221	3.0188007688727496	1100000000	0.14142135623731	0.5	1.17	1.27	0.1	0.12	0.01	0.3	1	0.5	0.0
50	8.5e-05	0.3501	171.6	15.5	3.36549	2.787584420813481	490000000	0.14142135623731	0.5	0.61	0.79	0.1	0.15	0.02	0.3	0	0.5	0.0
50	0.0002	0.1488	172.7	40.1	2.53267	2.30530821651644	1300000000	0.14142135623731	0.5	0.62	0.8	0.1	0.17	0.09	0.3	0	0.5	0.0
50	0.0005	0.0595	173.0	87.7	1.87297	1.8043335131826834	840000000	0.14142135623731	0.5	0.63	0.81	0.1	0.18	0.13	0.3	0	0.5	0.0
50	0.00085	0.035	173.1	117.7	1.57355	1.5660894038726119	300000000	0.14142135623731	0.5	0.64	0.81	0.1	0.19	0.14	0.3	0	0.5	0.0
50	0.002	0.0149	173.2	151.4	1.18833	1.227182176241654	740000000	0.14142135623731	0.5	0.64	0.81	0.11	0.2	0.15	0.3	0	0.5	0.0
50	0.005	0.006	173.2	168.4	0.88381	0.931598285684255	430000000	0.14142135623731	0.5	1.83	1.9	0.11	0.2	0.15	0.3	0	0.5	1.71
50	0.0085	0.0035	173.2	173.2	0.74949	0.8079802710841139	150000000	0.14142135623731	0.5	1.99	2.05	0.11	0.21	0.15	0.3	0	0.5	1.88
100	8.5e-05	0.7003	162.7	7.5	4.21424	3.212787065491268	130000000	0.14142135623731	0.5	1.16	1.27	0.11	0.07	0.0	0.3	1	0.5	0.0
100	0.0002	0.2976	168.6	26.4	3.1142	2.763253667124278	390000000	0.14142135623731	0.5	0.6	0.78	0.11	0.11	0.03	0.3	0	0.5	0.0
100	0.0005	0.119	169.9	66.6	2.25131	2.149406656947333	260000000	0.14142135623731	0.5	0.62	0.79	0.11	0.13	0.11	0.3	0	0.5	0.0
100	0.00085	0.07	170.1	97.9	1.86439	1.8388903462933577	95000000	0.14142135623731	0.5	0.63	0.8	0.11	0.13	0.14	0.3	0	0.5	0.0
100	0.002	0.0298	170.3	140.1	1.37296	1.4177462382959476	230000000	0.14142135623731	0.5	0.63	0.81	0.12	0.14	0.16	0.3	0	0.5	0.0
100	0.005	0.0119	170.4	163.6	0.99125	1.0453103272968034	130000000	0.14142135623731	0.5	0.64	0.81	0.12	0.15	0.17	0.3	0	0.5	0.0
100	0.0085	0.007	170.4	170.4	0.82515	0.8960173810038897	45000000	0.14142135623731	0.5	1.78	1.85	0.12	0.15	0.17	0.3	0	0.5	1.66
100	0.03	0.002	170.5	177.3	0.555	0.595068876902767	140000000	0.14142135623731	0.5	2.15	2.21	0.12	0.15	0.15	0.3	0	0.5	2.06
300	0.0002	0.8929	132.4	6.1	4.07164	3.111625249715459	240000000	0.14142135623731	0.5	1.16	1.27	0.11	0.05	0.04	0.3	1	0.5	0.0
300	0.0005	0.3571	159.6	35.9	2.85696	2.6905447441222985	250000000	0.14142135623731	0.5	0.6	0.78	0.12	0.07	0.05	0.3	0	0.5	0.0
300	0.00085	0.2101	161.6	62.8	2.32165	2.273676521940564	96000000	0.14142135623731	0.5	0.61	0.79	0.12	0.08	0.1	0.3	0	0.5	0.0
300	0.002	0.0893	162.8	114.1	1.65413	1.6947096145839908	240000000	0.14142135623731	0.5	0.62	0.8	0.12	0.09	0.15	0.3	0	0.5	0.0
300	0.005	0.0357	163.3	151.7	1.14842	1.2328081297771838	140000000	0.14142135623731	0.5	0.63	0.8	0.13	0.09	0.18	0.3	0	0.5	0.0
300	0.0085	0.021	163.4	163.3	0.93283	1.0134898347449715	46000000	0.14142135623731	0.5	0.63	0.81	0.13	0.1	0.18	0.3	0	0.5	0.0
300	0.03	0.006	163.5	175.3	0.58907	0.6382677446323601	140000000	0.14142135623731	0.5	1.82	1.89	0.13	0.1	0.17	0.3	0	0.5	1.71
300	0.1	0.0018	163.6	178.6	0.39904	0.4246046533923651	56000000	0.14142135623731	0.5	2.18	2.24	0.13	0.1	0.16	0.3	0	0.5	2.09
1000	0.00085	0.7003	128.6	23.3	2.80821	2.6879011356624574	16000000	0.14142135623731	0.5	1.17	1.27	0.13	0.03	0.03	0.3	1	0.5	0.0
1000	0.002	0.2976	145.1	73.2	1.94285	2.071457779086634	51000000	0.14142135623731	0.5	0.6	0.78	0.13	0.04	0.07	0.3	0	0.5	0.0
1000	0.005	0.119	148.6	128.6	1.30271	1.475234950773275	32000000	0.14142135623731	0.5	0.62	0.8	0.13	0.05	0.15	0.3	0	0.5	0.0
1000	0.0085	0.07	149.4	149.2	1.03531	1.1842547175822242	11000000	0.14142135623731	0.5	0.63	0.8	0.13	0.05	0.18	0.3	0	0.5	0.0
1000	0.03	0.0198	150.2	171.3	0.61792	0.7017222525335597	33000000	0.14142135623731	0.5	0.63	0.8	0.13	0.05	0.18	0.3	0	0.5	0.0
1000	0.1	0.006	150.4	177.4	0.39541	0.4405047869477016	14000000	0.14142135623731	0.5	1.83	1.89	0.14	0.05	0.19	0.3	0	0.5	1.71
1000	0.2	0.003	150.4	178.7	0.28386	0.3182406011606535	6700000	0.14142135623731	0.5	2.07	2.13	0.19	0.07	0.41	0.3	0	0.5	1.93
1000	0.40000001	0.0015	150.5	179.4	0.12412	0.14677333061404663	1300000	0.14142135623731	0.5	2.54	2.59	0.34	0.13	1.16	0.3	0	0.5	2.15
3000	0.002	0.8929	71.3	19.0	2.18779	2.379930447486587	5300000	0.14142135623731	0.5	1.17	1.27	0.14	0.02	0.04	0.3	1	0.5	0.0
3000	0.005	0.3571	120.7	91.4	1.42854	1.8081798262431719	9800000	0.14142135623731	0.5	0.6	0.78	0.14	0.02	0.07	0.3	0	0.5	0.0
3000	0.0085	0.2101	125.6	125.2	1.11658	1.4373367896411948	3700000	0.14142135623731	0.5	0.61	0.79	0.14	0.03	0.13	0.3	0	0.5	0.0
3000	0.03	0.0595	129.6	164.7	0.63835	0.818998880199462	12000000	0.14142135623731	0.5	0.62	0.8	0.14	0.03	0.17	0.3	0	0.5	0.0
3000	0.1	0.0179	130.5	175.5	0.39095	0.4863481483213034	4900000	0.14142135623731	0.5	0.63	0.81	0.14	0.03	0.2	0.3	0	0.5	0.0
3000	0.2	0.0089	130.7	177.7	0.27197	0.3429386114752048	2200000	0.14142135623731	0.5	1.76	1.83	0.19	0.04	0.43	0.3	0	0.5	1.59
3000	0.40000001	0.0045	130.8	178.9	0.11311	0.14827033821932897	440000	0.212132034355964	0.5	2.32	2.37	0.36	0.08	1.28	0.3	0	0.5	1.8
3000	0.60000002	0.003	130.9	179.3	0.02729	0.031507209478224746	51000	0.622253967444162	0.5	3.41	3.47	0.65	0.14	2.66	0.3	0	0.5	1.93
3000	0.80000001	0.0022	130.9	179.4	0.00199	0.0014018746928719772	17000	1.07480230740355	0.5	5.5	5.57	1.11	0.25	4.95	0.3	0	0.5	2.02
10000	0.0085	0.7003	66.6	66.2	1.1943	1.9502478974912714	970000	0.14142135623731	0.5	1.17	1.27	0.14	0.01	0.06	0.3	1	0.5	0.0
10000	0.03	0.1984	94.1	150.2	0.65585	1.07714709877845	4100000	0.14142135623731	0.5	0.61	0.79	0.14	0.02	0.11	0.3	0	0.5	0.0
10000	0.1	0.0595	98.7	171.6	0.38539	0.6006419022822972	1800000	0.14142135623731	0.5	0.63	0.81	0.15	0.02	0.19	0.3	0	0.5	0.0
10000	0.2	0.0298	99.5	175.8	0.26012	0.39751057020152286	790000	0.15556349186104	0.5	0.76	0.92	0.2	0.02	0.45	0.3	0	0.5	0.0
10000	0.40000001	0.0149	100.0	177.9	0.10305	0.15870590770127202	150000	0.367695526217005	0.5	1.49	1.59	0.37	0.05	1.32	0.3	0	0.5	0.0
10000	0.60000002	0.0099	100.1	178.6	0.02369	0.03088219451135457	16000	1.10308657865101	0.5	3.27	3.4	0.66	0.08	2.73	0.3	0	0.5	1.55
10000	0.80000001	0.0074	100.2	179.0	0.00162	0.0013279086526539344	5400	1.92333044482741	0.5	5.45	5.64	1.12	0.14	5.04	0.3	0	0.5	1.64
30000	0.03	0.5952	47.6	114.1	0.66832	1.4669045406332033	930000	0.14142135623731	0.5	1.17	1.28	0.15	0.01	0.09	0.3	1	0.5	0.0
30000	0.1	0.1786	64.3	164.5	0.37998	0.7672715985197696	640000	0.169705627484771	0.5	0.62	0.81	0.15	0.01	0.14	0.3	0	0.5	0.0
30000	0.2	0.0893	66.9	172.6	0.25025	0.48098123102167184	280000	0.268700576850888	0.5	0.76	0.93	0.2	0.01	0.45	0.3	0	0.5	0.0
30000	0.40000001	0.0446	68.2	176.4	0.09527	0.17863568413869074	51000	0.622253967444162	0.5	1.51	1.65	0.38	0.03	1.34	0.3	0	0.5	0.0
30000	0.60000002	0.0298	68.6	177.6	0.02105	0.03139471654656061	5300	1.93747258045114	0.5	2.93	3.27	0.67	0.05	2.79	0.3	0	0.5	0.0
30000	0.80000001	0.0223	68.8	178.2	0.00136	0.0012242525655651797	1700	3.43653895656662	0.5	5.27	5.83	1.14	0.08	5.11	0.3	0	0.5	0.0
100000	0.1	0.5952	27.1	140.9	0.37391	1.0435556950666962	150000	0.367695526217005	0.5	1.17	1.3	0.15	0.0	0.08	0.3	1	0.5	0.0
100000	0.2	0.2976	35.3	164.7	0.24037	0.5933444341313235	89000	0.480832611206852	0.5	0.73	0.95	0.21	0.01	0.39	0.3	0	0.5	0.0
100000	0.40000001	0.1488	38.6	173.0	0.08796	0.19462077523885712	16000	1.11722871427475	0.5	1.51	1.77	0.39	0.01	1.33	0.3	0	0.5	0.0
100000	0.60000002	0.0992	39.6	175.5	0.01867	0.03434975240969749	1600	3.50724963468528	0.5	2.96	3.89	0.68	0.03	2.82	0.3	0	0.5	0.0
100000	0.80000001	0.0744	40.1	176.6	0.00114	0.0009980809401398478	510	6.29325035256027	0.5	5.33	6.96	1.15	0.04	5.17	0.3	0	0.5	0.0
300000	0.2	0.8929	8.2	118.3	0.23209	0.8042921393254681	19000	1.01823376490863	0.5	1.24	1.52	0.22	0.0	0.4	0.3	1	0.5	0.0
300000	0.40000001	0.4464	18.5	165.0	0.08216	0.23333062315155603	4600	2.07889393668845	0.5	1.46	2.13	0.4	0.01	1.27	0.3	0	0.5	0.0
300000	0.60000002	0.2976	20.8	171.1	0.01687	0.03493071230415484	460	6.60437733628235	0.5	2.93	5.53	0.69	0.01	2.78	0.3	0	0.5	0.0
300000	0.80000001	0.2232	21.9	173.6	0.00099	0.0011236499081061946	140	11.9501046020527	0.5	5.33	10.01	1.17	0.02	5.17	0.3	0	0.5	0.0
1000000	0.80000001	0.744	6.9	160.0	0.00085	0.0014486804339977554	31	25.4841283939632	0.5	5.44	18.83	1.18	0.01	5.18	0.3	1	0.5	0.0
