*
* The data are taken from: Max scenario B
*
*
*
&Data
   Name  = 'LHEC NC ele pp cross section D5:datlhec160ncem'
   IndexDataset = 2005
   Reaction = 'NC e+-p'

 ! Data table definitions:
   NData   =  136
   NColumn =  19   ! 3 bins, 3 ignore  sigma and 9 errors

 ! Layout of the data table columns: 3 bins, cross-section and 9 errors
 ! The following types are predefined: Bin, Sigma, Error and Dummy (case sensitive!)
  ColumnType = 6*'Bin','Sigma', 'Dummy', 11*'Error'

  ColumnName = 'Q2','x', 'y',3*'ignore', 'reduced x-section','ignore', 'stat','uncor', 2*'ignore','eelen', 'ethee', 'ehadr', 'radco', 'egamp', 'effic', 'enois'

 ! options for bins: depends on Reaction type, for NC e+-p these are 'x', 'Q2' and 'y'
 ! options for the errors: 'stat', 'uncor', 'ignore' or different names for correlated uncertainties


 ! Extra information for the x-section calculation:
   !NInfo    = 4
   !DataInfo =  1296 ,     -1.  ,  1.     ,   0.0
   !CInfo    = 'sqrt(S)','e charge','reduced','e polarity'

   TermName = 'R'
   TermSource = 'use:hf_scheme_DISNC'
   TermInfo = 'type=sigred:flav=incl:echarge=-1:epolarity=0.0'
   TheorExpr = 'R'

   Percent  = 19*True

&END
*        Ep        Ee   eCharge      ePol    Lumifb    lhapdf        NC        CC     itarg    erunco 1 0.5
*     1000.       60.       -1.      0.0     1.0     21000         1         0         1      0.70 1 0.5
*
*      q2         x       y  thetae  thetaj        f2    sigrNC    nevent estat eunco esyst  etot eelen ethee ehadr radco egamp effic enois 
2	2e-05	0.4167	178.2	2.5	1.05922	1.0009229847317134	8100000000	1.0	0.5	0.8	0.94	0.08	0.54	0.04	0.3	0	0.5	0.0
2	5e-05	0.1667	178.5	7.4	0.85115	0.8569191361252234	6400000000	1.0	0.5	0.91	1.04	0.08	0.69	0.02	0.3	0	0.5	0.0
2	8.5e-05	0.098	178.6	13.0	0.76217	0.7647514154319403	2600000000	1.0	0.5	0.95	1.07	0.09	0.74	0.05	0.3	0	0.5	0.0
2	0.0002	0.0417	178.6	31.0	0.64789	0.646643015972121	7200000000	1.0	0.5	0.98	1.1	0.09	0.78	0.07	0.3	0	0.5	0.0
2	0.0005	0.0167	178.6	70.1	0.55182	0.561617161580753	4800000000	1.0	0.5	1.0	1.11	0.09	0.8	0.08	0.3	0	0.5	0.0
2	0.00085	0.0098	178.6	100.2	0.50554	0.5076488721520147	1900000000	1.0	0.5	1.85	1.92	0.09	0.8	0.08	0.3	0	0.5	1.56
2	0.002	0.0042	178.6	141.0	0.443	0.45527750835052605	5100000000	1.0	0.5	2.08	2.14	0.09	0.81	0.07	0.3	0	0.5	1.83
2	0.005	0.0017	178.6	163.9	0.39237	0.4082851683328964	3100000000	1.0	0.5	2.33	2.38	0.09	0.78	0.06	0.3	0	0.5	2.11
5	5e-05	0.4167	177.2	3.9	1.40671	1.2611143075056006	4400000000	1.0	0.5	0.67	0.84	0.07	0.32	0.03	0.3	0	0.5	0.0
5	8.5e-05	0.2451	177.5	7.6	1.22442	1.1735056972457147	1900000000	1.0	0.5	0.69	0.85	0.07	0.37	0.01	0.3	0	0.5	0.0
5	0.0002	0.1042	177.7	19.2	0.99916	1.0024231502219034	5400000000	1.0	0.5	0.71	0.87	0.07	0.4	0.06	0.3	0	0.5	0.0
5	0.0005	0.0417	177.8	47.3	0.81692	0.8306454929016458	3600000000	1.0	0.5	0.74	0.89	0.08	0.43	0.08	0.3	0	0.5	0.0
5	0.00085	0.0245	177.8	73.8	0.73107	0.7661812749763076	1400000000	1.0	0.5	0.75	0.9	0.08	0.45	0.09	0.3	0	0.5	0.0
5	0.002	0.0104	177.9	121.3	0.61587	0.668252326440683	3700000000	1.0	0.5	0.76	0.91	0.08	0.47	0.09	0.3	0	0.5	0.0
5	0.005	0.0042	177.9	154.7	0.52041	0.5497486138014896	2400000000	1.0	0.5	1.98	2.05	0.09	0.5	0.08	0.3	0	0.5	1.83
5	0.0085	0.0025	177.9	165.0	0.47773	0.5084865522462761	940000000	1.0	0.5	2.14	2.2	0.09	0.51	0.07	0.3	0	0.5	1.99
5	0.02	0.001	177.9	173.6	0.42838	0.45602398328150967	1700000000	1.0	0.5	2.39	2.44	0.09	0.5	0.06	0.3	0	0.5	2.26
10	5e-05	0.8333	172.6	1.5	2.02194	1.5504317919684385	920000000	1.0	0.5	1.17	1.27	0.08	0.15	0.0	0.3	1	0.5	0.0
10	8.5e-05	0.4902	175.8	4.4	1.7341	1.5394192701636933	590000000	1.0	0.5	0.63	0.81	0.08	0.23	0.05	0.3	0	0.5	0.0
10	0.0002	0.2083	176.6	12.8	1.37628	1.3268850007213628	1800000000	1.0	0.5	0.65	0.82	0.08	0.28	0.02	0.3	0	0.5	0.0
10	0.0005	0.0833	176.8	33.7	1.08788	1.0946707596113703	1300000000	1.0	0.5	0.67	0.84	0.09	0.32	0.08	0.3	0	0.5	0.0
10	0.00085	0.049	176.9	55.3	0.95329	0.9790844651818633	490000000	1.0	0.5	0.69	0.85	0.09	0.33	0.1	0.3	0	0.5	0.0
10	0.002	0.0208	176.9	102.8	0.77452	0.8030890458648119	1300000000	1.0	0.5	0.7	0.86	0.09	0.35	0.11	0.3	0	0.5	0.0
10	0.005	0.0083	177.0	144.8	0.62744	0.6714466525564646	800000000	1.0	0.5	1.76	1.83	0.1	0.37	0.1	0.3	0	0.5	1.61
10	0.0085	0.0049	177.0	158.9	0.56103	0.5989083743018623	300000000	1.0	0.5	1.91	1.98	0.1	0.38	0.1	0.3	0	0.5	1.77
10	0.02	0.0021	177.0	171.0	0.48066	0.5096749247264662	810000000	1.0	0.5	2.16	2.22	0.1	0.39	0.08	0.3	0	0.5	2.04
20	0.0002	0.4167	174.4	7.8	1.81838	1.6764742506587733	1400000000	1.0	0.5	0.62	0.8	0.09	0.19	0.03	0.3	0	0.5	0.0
20	0.0005	0.1667	175.3	23.1	1.39438	1.371758397822908	1000000000	1.0	0.5	0.64	0.81	0.09	0.24	0.06	0.3	0	0.5	0.0
20	0.00085	0.098	175.5	39.7	1.1987	1.246226910210558	400000000	1.0	0.5	0.65	0.82	0.1	0.26	0.09	0.3	0	0.5	0.0
20	0.002	0.0417	175.6	82.4	0.9422	0.991963235341394	1000000000	1.0	0.5	0.66	0.83	0.1	0.27	0.11	0.3	0	0.5	0.0
20	0.005	0.0167	175.7	131.5	0.73444	0.7783363828142928	640000000	1.0	0.5	0.67	0.84	0.1	0.29	0.12	0.3	0	0.5	0.0
20	0.0085	0.0098	175.7	150.4	0.64123	0.6827413412452247	240000000	1.0	0.5	1.7	1.77	0.11	0.3	0.12	0.3	0	0.5	1.56
20	0.02	0.0042	175.7	167.2	0.52745	0.548626958527377	610000000	1.0	0.5	1.95	2.01	0.11	0.3	0.1	0.3	0	0.5	1.83
20	0.05	0.0017	175.7	174.9	0.44527	0.46492763508557267	350000000	1.0	0.5	2.22	2.27	0.11	0.31	0.08	0.3	0	0.5	2.11
50	0.0005	0.4167	171.2	12.3	1.87297	1.7390333570183645	610000000	1.0	0.5	0.61	0.79	0.1	0.15	0.0	0.3	0	0.5	0.0
50	0.00085	0.2451	172.2	23.6	1.57355	1.5621120199345846	250000000	1.0	0.5	0.62	0.8	0.1	0.17	0.05	0.3	0	0.5	0.0
50	0.002	0.1042	172.9	56.3	1.18833	1.2147803157851707	670000000	1.0	0.5	0.63	0.8	0.11	0.19	0.11	0.3	0	0.5	0.0
50	0.005	0.0417	173.1	108.3	0.88381	0.9301931349934294	410000000	1.0	0.5	0.64	0.81	0.11	0.2	0.13	0.3	0	0.5	0.0
50	0.0085	0.0245	173.2	134.3	0.74949	0.7999142591699278	150000000	1.0	0.5	0.64	0.82	0.11	0.21	0.14	0.3	0	0.5	0.0
50	0.02	0.0104	173.2	159.8	0.58657	0.6197491903958517	370000000	1.0	0.5	0.64	0.81	0.11	0.21	0.13	0.3	0	0.5	0.0
50	0.05	0.0042	173.2	171.9	0.46856	0.4784136951219862	230000000	1.0	0.5	1.94	2.0	0.12	0.21	0.11	0.3	0	0.5	1.83
50	0.085	0.0025	173.2	175.2	0.41536	0.4320319887499116	170000000	1.0	0.5	2.1	2.15	0.12	0.23	0.12	0.3	0	0.5	1.99
50	0.2	0.001	173.3	178.0	0.3219	0.33900516330016767	35000000	1.0	0.5	2.36	2.41	0.15	0.23	0.21	0.3	0	0.5	2.26
100	0.0005	0.8333	156.9	4.7	2.25131	1.9096121611827095	110000000	1.0	0.5	1.16	1.27	0.11	0.07	0.03	0.3	1	0.5	0.0
100	0.00085	0.4902	166.7	13.8	1.86439	1.7769879363686312	64000000	1.0	0.5	0.6	0.78	0.11	0.1	0.01	0.3	0	0.5	0.0
100	0.002	0.2083	169.3	39.2	1.37296	1.3919586513209254	190000000	1.0	0.5	0.61	0.79	0.12	0.12	0.07	0.3	0	0.5	0.0
100	0.005	0.0833	170.1	87.5	0.99125	1.0447150490118662	120000000	1.0	0.5	0.63	0.8	0.12	0.14	0.13	0.3	0	0.5	0.0
100	0.0085	0.049	170.2	117.8	0.82515	0.8836228691140632	43000000	1.0	0.5	0.63	0.8	0.12	0.15	0.14	0.3	0	0.5	0.0
100	0.02	0.0208	170.4	151.6	0.62555	0.6718237950344041	110000000	1.0	0.5	0.63	0.8	0.12	0.15	0.14	0.3	0	0.5	0.0
100	0.05	0.0083	170.4	168.5	0.48228	0.5058053183690608	63000000	1.0	0.5	1.73	1.8	0.12	0.15	0.13	0.3	0	0.5	1.61
100	0.085	0.0049	170.4	173.3	0.41878	0.4343635317043933	46000000	1.0	0.5	1.88	1.95	0.13	0.16	0.14	0.3	0	0.5	1.77
100	0.2	0.0021	170.5	177.1	0.3124	0.32514648447873906	25000000	1.0	0.5	2.15	2.21	0.15	0.19	0.25	0.3	0	0.5	2.04
100	0.30000001	0.0014	170.5	178.1	0.23279	0.25375064486590077	12000000	1.0	0.5	2.33	2.38	0.21	0.26	0.5	0.3	0	0.5	2.17
100	0.40000001	0.001	170.5	178.6	0.15556	0.17602014949038097	2700000	1.0	0.5	2.53	2.58	0.29	0.33	0.88	0.3	0	0.5	2.26
200	0.002	0.4167	162.5	24.4	1.55221	1.512225607764018	120000000	1.0	0.5	0.6	0.78	0.12	0.08	0.02	0.3	0	0.5	0.0
200	0.005	0.1667	165.3	65.7	1.09228	1.158780752981664	84000000	1.0	0.5	0.61	0.79	0.12	0.1	0.1	0.3	0	0.5	0.0
200	0.0085	0.098	165.9	97.6	0.89476	0.9597569318947186	31000000	1.0	0.5	0.62	0.8	0.13	0.11	0.14	0.3	0	0.5	0.0
200	0.02	0.0417	166.3	140.3	0.65982	0.6879906954110404	75000000	1.0	0.5	0.62	0.8	0.13	0.11	0.15	0.3	0	0.5	0.0
200	0.05	0.0167	166.4	163.8	0.49319	0.5203938822353399	44000000	1.0	0.5	0.62	0.8	0.13	0.11	0.14	0.3	0	0.5	0.0
200	0.085	0.0098	166.5	170.4	0.42057	0.43562439575666667	31000000	1.0	0.5	1.68	1.75	0.13	0.12	0.16	0.3	0	0.5	1.56
200	0.2	0.0042	166.5	175.9	0.30329	0.3164620317649238	17000000	1.0	0.5	1.95	2.01	0.16	0.14	0.27	0.3	0	0.5	1.83
200	0.30000001	0.0028	166.5	177.3	0.22092	0.24382525888650117	8000000	1.0	0.5	2.13	2.18	0.21	0.19	0.53	0.3	0	0.5	1.95
200	0.40000001	0.0021	166.5	178.0	0.14459	0.15952754790412166	3900000	1.0	0.5	2.36	2.41	0.3	0.27	0.94	0.3	0	0.5	2.04
200	0.5	0.0017	166.5	178.4	0.08281	0.09266998778921186	1800000	1.0	0.5	2.74	2.79	0.42	0.38	1.54	0.3	0	0.5	2.11
200	0.60000002	0.0014	166.5	178.6	0.03986	0.04196863642296608	650000	1.2	0.5	3.4	3.44	0.61	0.53	2.42	0.3	0	0.5	2.17
200	0.69999999	0.0012	166.5	178.8	0.0148	0.014311088815431488	110000	3.0	0.5	4.73	4.76	0.91	0.74	3.96	0.3	0	0.5	2.22
200	0.80000001	0.001	166.6	179.0	0.00347	0.002366447746994086	25000	6.4	0.5	7.71	7.75	1.54	1.25	7.07	0.3	0	0.5	2.26
500	0.005	0.4167	152.6	37.7	1.2161	1.2682662717882576	38000000	1.0	0.5	0.6	0.78	0.13	0.06	0.04	0.3	0	0.5	0.0
500	0.0085	0.2451	155.8	66.9	0.97816	1.0458959393798521	15000000	1.0	0.5	0.61	0.79	0.13	0.07	0.1	0.3	0	0.5	0.0
500	0.02	0.1042	157.7	118.9	0.69895	0.7660213225592196	38000000	1.0	0.5	0.62	0.79	0.13	0.08	0.14	0.3	0	0.5	0.0
500	0.05	0.0417	158.4	154.3	0.50423	0.5357125312734942	22000000	1.0	0.5	0.62	0.8	0.13	0.08	0.15	0.3	0	0.5	0.0
500	0.085	0.0245	158.6	164.8	0.4211	0.4448555040278675	16000000	1.0	0.5	0.63	0.8	0.14	0.08	0.17	0.3	0	0.5	0.0
500	0.2	0.0104	158.8	173.6	0.29193	0.3095737542671759	8000000	1.0	0.5	0.68	0.84	0.16	0.1	0.29	0.3	0	0.5	0.0
500	0.30000001	0.0069	158.8	175.7	0.20702	0.22748568896169424	3800000	1.0	0.5	1.87	1.94	0.22	0.13	0.56	0.3	0	0.5	1.66
500	0.40000001	0.0052	158.8	176.8	0.1322	0.14605168819430783	1800000	1.0	0.5	2.13	2.19	0.31	0.19	0.98	0.3	0	0.5	1.76
500	0.5	0.0042	158.8	177.4	0.0739	0.08256522475218923	820000	1.1	0.5	2.54	2.6	0.43	0.26	1.6	0.3	0	0.5	1.83
500	0.60000002	0.0035	158.9	177.9	0.03467	0.03635915368810229	330000	1.8	0.5	3.28	3.32	0.62	0.37	2.52	0.3	0	0.5	1.88
500	0.69999999	0.003	158.9	178.2	0.0125	0.011480301020245066	100000	3.1	0.5	4.63	4.67	0.92	0.56	4.03	0.3	0	0.5	1.93
500	0.80000001	0.0026	158.9	178.4	0.00282	0.0018044877562088523	23000	6.6	0.5	7.94	7.98	1.61	0.98	7.43	0.3	0	0.5	1.97
1000	0.005	0.8333	114.3	14.7	1.30271	1.27333421613103	9100000	1.0	0.5	1.17	1.27	0.13	0.03	0.04	0.3	1	0.5	0.0
1000	0.0085	0.4902	139.5	42.0	1.03531	1.1094612371709265	5100000	1.0	0.5	0.6	0.78	0.13	0.04	0.03	0.3	0	0.5	0.0
1000	0.02	0.2083	147.0	96.8	0.72456	0.7912339857421002	14000000	1.0	0.5	0.61	0.79	0.13	0.05	0.1	0.3	0	0.5	0.0
1000	0.05	0.0833	149.2	143.4	0.51058	0.5503807540556903	8600000	1.0	0.5	0.62	0.79	0.13	0.05	0.14	0.3	0	0.5	0.0
1000	0.085	0.049	149.8	158.4	0.42052	0.44734903489196104	6000000	1.0	0.5	0.63	0.8	0.14	0.06	0.18	0.3	0	0.5	0.0
1000	0.2	0.0208	150.2	170.9	0.28386	0.305114302260691	3000000	1.0	0.5	0.68	0.85	0.17	0.07	0.31	0.3	0	0.5	0.0
1000	0.30000001	0.0139	150.3	173.9	0.19767	0.21424743329595863	1400000	1.0	0.5	0.86	1.0	0.23	0.09	0.59	0.3	0	0.5	0.0
1000	0.40000001	0.0104	150.3	175.4	0.12412	0.14206091373321483	670000	1.2	0.5	1.22	1.33	0.31	0.13	1.02	0.3	0	0.5	0.0
1000	0.5	0.0083	150.4	176.4	0.06824	0.07410713102699959	290000	1.8	0.5	2.42	2.48	0.44	0.18	1.64	0.3	0	0.5	1.61
1000	0.60000002	0.0069	150.4	177.0	0.03145	0.032624865406220095	110000	3.0	0.5	3.2	3.25	0.63	0.26	2.58	0.3	0	0.5	1.66
1000	0.69999999	0.006	150.4	177.4	0.01111	0.009759658071672846	36000	5.3	0.5	4.61	4.66	0.94	0.38	4.11	0.3	0	0.5	1.71
1000	0.80000001	0.0052	150.4	177.7	0.00245	0.001805681997795552	7700	11.4	0.5	7.98	8.07	1.64	0.67	7.56	0.3	0	0.5	1.76
2000	0.02	0.4167	128.0	68.7	0.74722	0.8382572288677033	6200000	1.0	0.5	0.6	0.78	0.14	0.03	0.04	0.3	0	0.5	0.0
2000	0.05	0.1667	135.6	127.8	0.51555	0.5839861497756382	4200000	1.0	0.5	0.61	0.79	0.14	0.04	0.11	0.3	0	0.5	0.0
2000	0.085	0.098	137.1	149.0	0.4193	0.4582512847621265	3000000	1.0	0.5	0.63	0.8	0.14	0.04	0.17	0.3	0	0.5	0.0
2000	0.2	0.0417	138.3	167.0	0.27624	0.3012778396619032	1500000	1.0	0.5	0.69	0.85	0.17	0.05	0.31	0.3	0	0.5	0.0
2000	0.30000001	0.0278	138.6	171.4	0.18916	0.2164051462868886	690000	1.2	0.5	0.87	1.01	0.23	0.06	0.6	0.3	0	0.5	0.0
2000	0.40000001	0.0208	138.7	173.5	0.11695	0.13388762299761878	320000	1.8	0.5	1.24	1.35	0.32	0.09	1.05	0.3	0	0.5	0.0
2000	0.5	0.0167	138.8	174.8	0.06332	0.07529515915106454	140000	2.7	0.5	1.84	1.92	0.45	0.13	1.68	0.3	0	0.5	0.0
2000	0.60000002	0.0139	138.9	175.7	0.02871	0.0326323925326982	53000	4.3	0.5	2.77	2.85	0.64	0.18	2.63	0.3	0	0.5	0.0
2000	0.69999999	0.0119	138.9	176.3	0.00995	0.009285326735365806	16000	7.8	0.5	4.34	4.44	0.95	0.27	4.18	0.3	0	0.5	0.0
2000	0.80000001	0.0104	138.9	176.8	0.00214	0.0009940494532166763	3400	17.1	0.5	7.87	8.07	1.66	0.47	7.66	0.3	0	0.5	0.0
5000	0.05	0.4167	104.7	94.4	0.52041	0.6481681974606229	1900000	1.0	0.5	0.6	0.79	0.14	0.02	0.05	0.3	0	0.5	0.0
5000	0.085	0.2451	111.7	128.8	0.41698	0.5221297404915588	1500000	1.0	0.5	0.62	0.8	0.15	0.03	0.14	0.3	0	0.5	0.0
5000	0.2	0.1042	116.2	158.8	0.2668	0.3173871546723089	740000	1.2	0.5	0.68	0.85	0.17	0.03	0.31	0.3	0	0.5	0.0
5000	0.30000001	0.0694	117.2	166.1	0.17903	0.2175090829988068	330000	1.7	0.5	0.88	1.03	0.23	0.04	0.61	0.3	0	0.5	0.0
5000	0.40000001	0.0521	117.6	169.6	0.10863	0.12797144748244618	150000	2.6	0.5	1.26	1.38	0.33	0.06	1.07	0.3	0	0.5	0.0
5000	0.5	0.0417	117.9	171.7	0.05772	0.06753064436454136	66000	3.9	0.5	1.86	1.97	0.46	0.09	1.71	0.3	0	0.5	0.0
5000	0.60000002	0.0347	118.1	173.1	0.02566	0.026833990299949113	25000	6.3	0.5	2.81	2.93	0.65	0.12	2.67	0.3	0	0.5	0.0
5000	0.69999999	0.0298	118.2	174.1	0.00869	0.006675604075131715	7400	11.6	0.5	4.4	4.58	0.97	0.18	4.25	0.3	0	0.5	0.0
5000	0.80000001	0.026	118.3	174.9	0.00181	0.0012131168087008194	1500	25.7	0.5	7.96	8.38	1.68	0.32	7.76	0.3	0	0.5	0.0
10000	0.05	0.8333	52.2	44.4	0.52305	0.8020900949206486	490000	1.4	0.5	1.17	1.28	0.14	0.01	0.04	0.3	1	0.5	0.0
10000	0.085	0.4902	81.2	101.0	0.41484	0.6300086799083149	550000	1.3	0.5	0.61	0.8	0.15	0.02	0.08	0.3	0	0.5	0.0
10000	0.2	0.2083	93.8	148.6	0.26012	0.36772796840389166	290000	1.9	0.5	0.67	0.86	0.18	0.02	0.28	0.3	0	0.5	0.0
10000	0.30000001	0.1389	96.2	159.6	0.1721	0.238981866940057	130000	2.8	0.5	0.87	1.04	0.24	0.03	0.6	0.3	0	0.5	0.0
10000	0.40000001	0.1042	97.3	165.0	0.10305	0.13854419560751538	60000	4.1	0.5	1.26	1.42	0.33	0.04	1.07	0.3	0	0.5	0.0
10000	0.5	0.0833	97.9	168.1	0.05405	0.07081305421842285	25000	6.3	0.5	1.88	2.05	0.46	0.06	1.73	0.3	0	0.5	0.0
10000	0.60000002	0.0694	98.4	170.1	0.02369	0.03292885756252016	9300	10.3	0.5	2.84	3.07	0.66	0.08	2.7	0.3	0	0.5	0.0
10000	0.69999999	0.0595	98.7	171.6	0.0079	0.009131234642016458	2700	19.1	0.5	4.45	4.87	0.98	0.12	4.3	0.3	0	0.5	0.0
10000	0.80000001	0.0521	98.9	172.7	0.00162	0.002290105263666409	540	42.8	0.5	8.05	9.13	1.7	0.21	7.84	0.3	0	0.5	0.0
20000	0.2	0.4167	65.9	130.3	0.25379	0.45057240974234625	150000	2.6	0.5	0.65	0.86	0.18	0.01	0.22	0.3	0	0.5	0.0
20000	0.30000001	0.2778	71.6	149.0	0.1657	0.24735486093253306	67000	3.9	0.5	0.85	1.06	0.24	0.02	0.56	0.3	0	0.5	0.0
20000	0.40000001	0.2083	74.1	157.5	0.098	0.15622972189573797	30000	5.7	0.5	1.25	1.46	0.34	0.03	1.05	0.3	0	0.5	0.0
20000	0.5	0.1667	75.5	162.4	0.05077	0.07780145676796076	13000	8.9	0.5	1.88	2.13	0.47	0.04	1.72	0.3	0	0.5	0.0
20000	0.60000002	0.1389	76.4	165.5	0.02196	0.022395885974398514	4600	14.7	0.5	2.86	3.25	0.67	0.06	2.71	0.3	0	0.5	0.0
20000	0.69999999	0.119	77.1	167.7	0.00721	0.007708583405534925	1300	27.4	0.5	4.48	5.28	0.99	0.08	4.33	0.3	0	0.5	0.0
20000	0.80000001	0.1042	77.5	169.3	0.00145	0.0016883544458044205	260	62.0	0.5	8.11	10.22	1.71	0.15	7.91	0.3	0	0.5	0.0
50000	0.30000001	0.6944	33.0	112.0	0.15799	0.388342657825585	33000	5.5	0.5	1.29	1.49	0.25	0.01	0.52	0.3	1	0.5	0.0
50000	0.40000001	0.5208	40.8	136.0	0.09203	0.18684493923480744	15000	8.2	0.5	1.56	1.83	0.34	0.02	0.99	0.3	1	0.5	0.0
50000	0.5	0.4167	44.6	147.4	0.04696	0.09226223845491359	6200	12.7	0.5	1.84	2.29	0.47	0.02	1.68	0.3	0	0.5	0.0
50000	0.60000002	0.3472	46.9	154.0	0.01998	0.034531016719048006	2200	21.2	0.5	2.83	3.57	0.67	0.03	2.69	0.3	0	0.5	0.0
50000	0.69999999	0.2976	48.4	158.4	0.00644	0.0006849325655803577	630	39.8	0.5	4.48	6.01	1.0	0.05	4.33	0.3	0	0.5	0.0
50000	0.80000001	0.2604	49.5	161.5	0.00126	0.0015954455006887656	120	91.0	0.5	8.15	12.23	1.73	0.09	7.95	0.3	0	0.5	0.0
100000	0.5	0.8333	17.6	104.5	0.04439	0.11755197263206056	2000	22.6	0.5	2.11	3.13	0.48	0.01	1.7	0.3	1	0.5	0.0
100000	0.60000002	0.6944	23.7	129.0	0.01867	0.025089704207252587	820	35.0	0.5	2.99	4.63	0.68	0.02	2.67	0.3	1	0.5	0.0
100000	0.69999999	0.5952	27.1	140.9	0.00594	0.011352001323365208	230	66.2	0.5	4.58	8.06	1.01	0.03	4.31	0.3	1	0.5	0.0
100000	0.80000001	0.5208	29.4	148.1	0.00114	0.0038438487999563242	43	153.0	0.5	8.23	17.38	1.75	0.05	7.95	0.3	1	0.5	0.0
