*
* The data are taken from: Max scenario B
*
*
*
&Data
   Name  = 'LHEC NC ele pp cross section D1:datlhec760lowLncem'
   IndexDataset = 2001
   Reaction = 'NC e+-p'

 ! Data table definitions:
   NData   =  100
   NColumn =  19   ! 3 bins, 3 ignore  sigma and 9 errors

 ! Layout of the data table columns: 3 bins, cross-section and 9 errors
 ! The following types are predefined: Bin, Sigma, Error and Dummy (case sensitive!)
  ColumnType = 6*'Bin','Sigma', 'Dummy', 11*'Error'

  ColumnName = 'Q2','x', 'y',3*'ignore', 'reduced x-section','ignore', 'stat','uncor', 2*'ignore','eelen', 'ethee', 'ehadr', 'radco', 'egamp', 'effic', 'enois'

 ! options for bins: depends on Reaction type, for NC e+-p these are 'x', 'Q2' and 'y'
 ! options for the errors: 'stat', 'uncor', 'ignore' or different names for correlated uncertainties


 ! Extra information for the x-section calculation:
   !NInfo    = 4
   !DataInfo =  1296 ,     -1.  ,  1.     ,   -0.8
   !CInfo    = 'sqrt(S)','e charge','reduced','e polarity'

   TermName = 'R'
   TermSource = 'use:hf_scheme_DISNC'
   TermInfo = 'type=sigred:flav=incl:echarge=-1:epolarity=-0.8'
   TheorExpr = 'R'

   Percent  = 19*True

&END
*        Ep        Ee   eCharge      ePol    Lumifb    lhapdf        NC        CC     itarg    erunco 1 0.5
*     7000.       60.       -1.      -0.8     5.0       21000         1         0         1      0.70 1 0.5
*
*      q2         x       y  thetae  thetaj        f2    sigrNC    nevent estat eunco esyst  etot eelen ethee ehadr radco egamp effic enois 
2	2e-06	0.5952	177.9	1.4	2.55899	1.5422514091115134	15000000000	0.447213595499958	0.5	1.19	1.29	0.05	0.27	0.07	0.3	1	0.5	0.0
2	5e-06	0.2381	178.5	4.9	1.63468	1.2978824193946439	11000000000	0.447213595499958	0.5	0.78	0.92	0.06	0.5	0.07	0.3	0	0.5	0.0
2	8.5e-06	0.1401	178.5	8.9	1.36712	1.1768272214006477	4400000000	0.447213595499958	0.5	0.84	0.98	0.07	0.6	0.1	0.3	0	0.5	0.0
2	2e-05	0.0595	178.6	21.7	1.05922	1.0082135502563614	12000000000	0.447213595499958	0.5	0.9	1.03	0.08	0.68	0.1	0.3	0	0.5	0.0
2	5e-05	0.0238	178.6	52.1	0.85115	0.8371580293508689	7400000000	0.447213595499958	0.5	0.95	1.08	0.08	0.74	0.1	0.3	0	0.5	0.0
2	8.5e-05	0.014	178.6	79.8	0.76217	0.759669025863359	2800000000	0.447213595499958	0.5	0.97	1.09	0.09	0.77	0.09	0.3	0	0.5	0.0
2	0.0002	0.006	178.6	126.3	0.64789	0.6420533076958632	7500000000	0.447213595499958	0.5	1.98	2.04	0.09	0.79	0.09	0.3	0	0.5	1.71
2	0.0005	0.0024	178.6	157.1	0.55182	0.5502712907887835	4900000000	0.447213595499958	0.5	2.24	2.29	0.09	0.8	0.08	0.3	0	0.5	2.0
2	0.00085	0.0014	178.6	166.4	0.50554	0.5188491072433427	1600000000	0.447213595499958	0.5	2.38	2.43	0.09	0.78	0.08	0.3	0	0.5	2.17
5	5e-06	0.5952	176.6	2.3	3.18775	1.7807141667682809	8100000000	0.447213595499958	0.5	1.2	1.3	0.08	0.32	0.06	0.3	1	0.5	0.0
5	8.5e-06	0.3501	177.4	4.9	2.55745	1.6712814204239113	3500000000	0.447213595499958	0.5	0.7	0.86	0.08	0.37	0.06	0.3	0	0.5	0.0
5	2e-05	0.1488	177.7	13.2	1.85422	1.4879290957705205	9500000000	0.447213595499958	0.5	0.71	0.87	0.07	0.39	0.09	0.3	0	0.5	0.0
5	5e-05	0.0595	177.8	33.8	1.40671	1.2807919028483015	6100000000	0.447213595499958	0.5	0.72	0.87	0.07	0.4	0.11	0.3	0	0.5	0.0
5	8.5e-05	0.035	177.8	55.2	1.22442	1.1676528921857359	2300000000	0.447213595499958	0.5	0.72	0.88	0.07	0.41	0.11	0.3	0	0.5	0.0
5	0.0002	0.0149	177.8	102.4	0.99916	0.9934260179124231	5900000000	0.447213595499958	0.5	0.73	0.88	0.07	0.42	0.1	0.3	0	0.5	0.0
5	0.0005	0.006	177.9	144.5	0.81692	0.8396219726445623	3800000000	0.447213595499958	0.5	1.87	1.93	0.08	0.44	0.1	0.3	0	0.5	1.71
5	0.00085	0.0035	177.9	158.7	0.73107	0.7745590199291752	1400000000	0.447213595499958	0.5	2.02	2.09	0.08	0.46	0.1	0.3	0	0.5	1.88
5	0.002	0.0015	177.9	170.9	0.61587	0.6715062416752612	3300000000	0.447213595499958	0.5	2.28	2.33	0.08	0.47	0.09	0.3	0	0.5	2.15
10	8.5e-06	0.7003	174.5	2.4	3.77657	2.1917540365802677	1100000000	0.447213595499958	0.5	1.18	1.28	0.09	0.19	0.04	0.3	1	0.5	0.0
10	2e-05	0.2976	176.4	8.5	2.71642	2.009477375345434	3300000000	0.447213595499958	0.5	0.65	0.82	0.08	0.27	0.03	0.3	0	0.5	0.0
10	5e-05	0.119	176.8	23.5	2.02194	1.7334170897771877	2300000000	0.447213595499958	0.5	0.66	0.83	0.08	0.29	0.09	0.3	0	0.5	0.0
10	8.5e-05	0.07	176.9	39.9	1.7341	1.571421104218924	860000000	0.447213595499958	0.5	0.67	0.84	0.08	0.3	0.1	0.3	0	0.5	0.0
10	0.0002	0.0298	176.9	82.2	1.37628	1.328223476907226	2200000000	0.447213595499958	0.5	0.68	0.84	0.08	0.31	0.11	0.3	0	0.5	0.0
10	0.0005	0.0119	177.0	131.1	1.08788	1.092729424629079	1400000000	0.447213595499958	0.5	0.69	0.85	0.09	0.33	0.12	0.3	0	0.5	0.0
10	0.00085	0.007	177.0	150.1	0.95329	0.9786477139200087	510000000	0.447213595499958	0.5	1.8	1.87	0.09	0.34	0.12	0.3	0	0.5	1.66
10	0.002	0.003	177.0	167.1	0.77452	0.8348926913690456	1300000000	0.447213595499958	0.5	2.05	2.11	0.09	0.36	0.12	0.3	0	0.5	1.93
10	0.005	0.0012	177.0	174.8	0.62744	0.6833664432411717	550000000	0.447213595499958	0.5	2.33	2.38	0.1	0.37	0.11	0.3	0	0.5	2.22
20	2e-05	0.5952	173.3	4.6	3.77686	2.536994709493271	2300000000	0.447213595499958	0.5	1.17	1.27	0.09	0.16	0.01	0.3	1	0.5	0.0
20	5e-05	0.2381	175.1	15.6	2.77114	2.235879863958144	1900000000	0.447213595499958	0.5	0.63	0.8	0.09	0.22	0.04	0.3	0	0.5	0.0
20	8.5e-05	0.1401	175.4	27.7	2.34743	2.0177084340287097	750000000	0.447213595499958	0.5	0.64	0.81	0.09	0.23	0.09	0.3	0	0.5	0.0
20	0.0002	0.0595	175.6	62.5	1.81838	1.6870436053800497	2000000000	0.447213595499958	0.5	0.65	0.82	0.09	0.24	0.11	0.3	0	0.5	0.0
20	0.0005	0.0238	175.7	114.2	1.39438	1.3699354487511768	1200000000	0.447213595499958	0.5	0.66	0.83	0.09	0.26	0.13	0.3	0	0.5	0.0
20	0.00085	0.014	175.7	138.5	1.1987	1.204007237139903	440000000	0.447213595499958	0.5	0.66	0.83	0.1	0.27	0.13	0.3	0	0.5	0.0
20	0.002	0.006	175.7	161.8	0.9422	0.9840997094435175	1100000000	0.447213595499958	0.5	1.84	1.91	0.1	0.28	0.13	0.3	0	0.5	1.71
20	0.005	0.0024	175.7	172.7	0.73444	0.7848394518304233	650000000	0.447213595499958	0.5	2.11	2.17	0.1	0.29	0.13	0.3	0	0.5	2.0
20	0.0085	0.0014	175.7	175.7	0.64123	0.7030357839379109	200000000	0.447213595499958	0.5	2.27	2.33	0.11	0.29	0.12	0.3	0	0.5	2.17
50	5e-05	0.5952	169.4	7.2	4.03221	3.0556538055424354	1100000000	0.447213595499958	0.5	1.17	1.27	0.1	0.12	0.01	0.3	1	0.5	0.0
50	8.5e-05	0.3501	171.6	15.5	3.36549	2.7948104134576273	490000000	0.447213595499958	0.5	0.61	0.79	0.1	0.15	0.02	0.3	0	0.5	0.0
50	0.0002	0.1488	172.7	40.1	2.53267	2.2985831422728062	1300000000	0.447213595499958	0.5	0.62	0.8	0.1	0.17	0.09	0.3	0	0.5	0.0
50	0.0005	0.0595	173.0	87.7	1.87297	1.8095809358577957	840000000	0.447213595499958	0.5	0.63	0.81	0.1	0.18	0.13	0.3	0	0.5	0.0
50	0.00085	0.035	173.1	117.7	1.57355	1.5629962243618858	300000000	0.447213595499958	0.5	0.64	0.81	0.1	0.19	0.14	0.3	0	0.5	0.0
50	0.002	0.0149	173.2	151.4	1.18833	1.2260512862378936	740000000	0.447213595499958	0.5	0.64	0.81	0.11	0.2	0.15	0.3	0	0.5	0.0
50	0.005	0.006	173.2	168.4	0.88381	0.9368896068543927	430000000	0.447213595499958	0.5	1.83	1.9	0.11	0.2	0.15	0.3	0	0.5	1.71
50	0.0085	0.0035	173.2	173.2	0.74949	0.8188330323932359	150000000	0.447213595499958	0.5	1.99	2.05	0.11	0.21	0.15	0.3	0	0.5	1.88
100	8.5e-05	0.7003	162.7	7.5	4.21424	3.2394539941184624	130000000	0.447213595499958	0.5	1.16	1.27	0.11	0.07	0.0	0.3	1	0.5	0.0
100	0.0002	0.2976	168.6	26.4	3.1142	2.761141721643015	390000000	0.447213595499958	0.5	0.6	0.78	0.11	0.11	0.03	0.3	0	0.5	0.0
100	0.0005	0.119	169.9	66.6	2.25131	2.1523873106852407	260000000	0.447213595499958	0.5	0.62	0.79	0.11	0.13	0.11	0.3	0	0.5	0.0
100	0.00085	0.07	170.1	97.9	1.86439	1.8386984248026337	95000000	0.447213595499958	0.5	0.63	0.8	0.11	0.13	0.14	0.3	0	0.5	0.0
100	0.002	0.0298	170.3	140.1	1.37296	1.4110001461390016	230000000	0.447213595499958	0.5	0.63	0.81	0.12	0.14	0.16	0.3	0	0.5	0.0
100	0.005	0.0119	170.4	163.6	0.99125	1.0506152403353135	130000000	0.447213595499958	0.5	0.64	0.81	0.12	0.15	0.17	0.3	0	0.5	0.0
100	0.0085	0.007	170.4	170.4	0.82515	0.8871485700863903	45000000	0.447213595499958	0.5	1.78	1.85	0.12	0.15	0.17	0.3	0	0.5	1.66
100	0.03	0.002	170.5	177.3	0.555	0.5950585301717903	140000000	0.447213595499958	0.5	2.15	2.21	0.12	0.15	0.15	0.3	0	0.5	2.06
300	0.0002	0.8929	132.4	6.1	4.07164	3.1620767153583986	240000000	0.447213595499958	0.5	1.16	1.27	0.11	0.05	0.04	0.3	1	0.5	0.0
300	0.0005	0.3571	159.6	35.9	2.85696	2.686870496829271	250000000	0.447213595499958	0.5	0.6	0.78	0.12	0.07	0.05	0.3	0	0.5	0.0
300	0.00085	0.2101	161.6	62.8	2.32165	2.282334154238089	96000000	0.447213595499958	0.5	0.61	0.79	0.12	0.08	0.1	0.3	0	0.5	0.0
300	0.002	0.0893	162.8	114.1	1.65413	1.712142654004712	240000000	0.447213595499958	0.5	0.62	0.8	0.12	0.09	0.15	0.3	0	0.5	0.0
300	0.005	0.0357	163.3	151.7	1.14842	1.2282013790975637	140000000	0.447213595499958	0.5	0.63	0.8	0.13	0.09	0.18	0.3	0	0.5	0.0
300	0.0085	0.021	163.4	163.3	0.93283	1.0103201394443246	46000000	0.447213595499958	0.5	0.63	0.81	0.13	0.1	0.18	0.3	0	0.5	0.0
300	0.03	0.006	163.5	175.3	0.58907	0.6391241343701503	140000000	0.447213595499958	0.5	1.82	1.89	0.13	0.1	0.17	0.3	0	0.5	1.71
300	0.1	0.0018	163.6	178.6	0.39904	0.42849277434205185	56000000	0.447213595499958	0.5	2.18	2.24	0.13	0.1	0.16	0.3	0	0.5	2.09
1000	0.00085	0.7003	128.6	23.3	2.80821	2.7213620917902297	16000000	0.447213595499958	0.5	1.17	1.27	0.13	0.03	0.03	0.3	1	0.5	0.0
1000	0.002	0.2976	145.1	73.2	1.94285	2.075097167878845	51000000	0.447213595499958	0.5	0.6	0.78	0.13	0.04	0.07	0.3	0	0.5	0.0
1000	0.005	0.119	148.6	128.6	1.30271	1.46059712017052	32000000	0.447213595499958	0.5	0.62	0.8	0.13	0.05	0.15	0.3	0	0.5	0.0
1000	0.0085	0.07	149.4	149.2	1.03531	1.1761236970994406	11000000	0.447213595499958	0.5	0.63	0.8	0.13	0.05	0.18	0.3	0	0.5	0.0
1000	0.03	0.0198	150.2	171.3	0.61792	0.7013564217226128	33000000	0.447213595499958	0.5	0.63	0.8	0.13	0.05	0.18	0.3	0	0.5	0.0
1000	0.1	0.006	150.4	177.4	0.39541	0.43994306768125246	14000000	0.447213595499958	0.5	1.83	1.89	0.14	0.05	0.19	0.3	0	0.5	1.71
1000	0.2	0.003	150.4	178.7	0.28386	0.3268029395407853	6700000	0.447213595499958	0.5	2.07	2.13	0.19	0.07	0.41	0.3	0	0.5	1.93
1000	0.40000001	0.0015	150.5	179.4	0.12412	0.1498106304865836	1300000	0.447213595499958	0.5	2.54	2.59	0.34	0.13	1.16	0.3	0	0.5	2.15
3000	0.002	0.8929	71.3	19.0	2.18779	2.41988227464245	5300000	0.447213595499958	0.5	1.17	1.27	0.14	0.02	0.04	0.3	1	0.5	0.0
3000	0.005	0.3571	120.7	91.4	1.42854	1.7873721153667423	9800000	0.447213595499958	0.5	0.6	0.78	0.14	0.02	0.07	0.3	0	0.5	0.0
3000	0.0085	0.2101	125.6	125.2	1.11658	1.4289513978929682	3700000	0.447213595499958	0.5	0.61	0.79	0.14	0.03	0.13	0.3	0	0.5	0.0
3000	0.03	0.0595	129.6	164.7	0.63835	0.816384438678786	12000000	0.447213595499958	0.5	0.62	0.8	0.14	0.03	0.17	0.3	0	0.5	0.0
3000	0.1	0.0179	130.5	175.5	0.39095	0.4830963670215902	4900000	0.447213595499958	0.5	0.63	0.81	0.14	0.03	0.2	0.3	0	0.5	0.0
3000	0.2	0.0089	130.7	177.7	0.27197	0.3409916193628411	2200000	0.447213595499958	0.5	1.76	1.83	0.19	0.04	0.43	0.3	0	0.5	1.59
3000	0.40000001	0.0045	130.8	178.9	0.11311	0.14593134334028288	440000	0.670820393249937	0.5	2.32	2.37	0.36	0.08	1.28	0.3	0	0.5	1.8
3000	0.60000002	0.003	130.9	179.3	0.02729	0.032791146771523325	51000	1.96773982019982	0.5	3.41	3.47	0.65	0.14	2.66	0.3	0	0.5	1.93
3000	0.80000001	0.0022	130.9	179.4	0.00199	0.0013885206318873554	17000	3.39882332579968	0.5	5.5	5.57	1.11	0.25	4.95	0.3	0	0.5	2.02
10000	0.0085	0.7003	66.6	66.2	1.1943	1.9505902499611962	970000	0.447213595499958	0.5	1.17	1.27	0.14	0.01	0.06	0.3	1	0.5	0.0
10000	0.03	0.1984	94.1	150.2	0.65585	1.0830525762006198	4100000	0.447213595499958	0.5	0.61	0.79	0.14	0.02	0.11	0.3	0	0.5	0.0
10000	0.1	0.0595	98.7	171.6	0.38539	0.6015613865447988	1800000	0.447213595499958	0.5	0.63	0.81	0.15	0.02	0.19	0.3	0	0.5	0.0
10000	0.2	0.0298	99.5	175.8	0.26012	0.39837266697668605	790000	0.491934955049954	0.5	0.76	0.92	0.2	0.02	0.45	0.3	0	0.5	0.0
10000	0.40000001	0.0149	100.0	177.9	0.10305	0.159370450312592	150000	1.16275534829989	0.5	1.49	1.59	0.37	0.05	1.32	0.3	0	0.5	0.0
10000	0.60000002	0.0099	100.1	178.6	0.02369	0.0322756699427992	16000	3.48826604489967	0.5	3.27	3.4	0.66	0.08	2.73	0.3	0	0.5	1.55
10000	0.80000001	0.0074	100.2	179.0	0.00162	0.001280710507452274	5400	6.08210489879943	0.5	5.45	5.64	1.12	0.14	5.04	0.3	0	0.5	1.64
30000	0.03	0.5952	47.6	114.1	0.66832	1.4813932907805474	930000	0.447213595499958	0.5	1.17	1.28	0.15	0.01	0.09	0.3	1	0.5	0.0
30000	0.1	0.1786	64.3	164.5	0.37998	0.7643701625887045	640000	0.53665631459995	0.5	0.62	0.81	0.15	0.01	0.14	0.3	0	0.5	0.0
30000	0.2	0.0893	66.9	172.6	0.25025	0.4789643727388279	280000	0.84970583144992	0.5	0.76	0.93	0.2	0.01	0.45	0.3	0	0.5	0.0
30000	0.40000001	0.0446	68.2	176.4	0.09527	0.17753475461596957	51000	1.96773982019982	0.5	1.51	1.65	0.38	0.03	1.34	0.3	0	0.5	0.0
30000	0.60000002	0.0298	68.6	177.6	0.02105	0.03304373187951136	5300	6.12682625834943	0.5	2.93	3.27	0.67	0.05	2.79	0.3	0	0.5	0.0
30000	0.80000001	0.0223	68.8	178.2	0.00136	0.0012186869112398402	1700	10.867290370649	0.5	5.27	5.83	1.14	0.08	5.11	0.3	0	0.5	0.0
100000	0.1	0.5952	27.1	140.9	0.37391	1.0515568043980974	150000	1.16275534829989	0.5	1.17	1.3	0.15	0.0	0.08	0.3	1	0.5	0.0
100000	0.2	0.2976	35.3	164.7	0.24037	0.591273119772875	89000	1.52052622469986	0.5	0.73	0.95	0.21	0.01	0.39	0.3	0	0.5	0.0
100000	0.40000001	0.1488	38.6	173.0	0.08796	0.19435866237396962	16000	3.53298740444967	0.5	1.51	1.77	0.39	0.01	1.33	0.3	0	0.5	0.0
100000	0.60000002	0.0992	39.6	175.5	0.01867	0.03421584420947947	1600	11.090897168399	0.5	2.96	3.89	0.68	0.03	2.82	0.3	0	0.5	0.0
100000	0.80000001	0.0744	40.1	176.6	0.00114	0.00118277600695355	510	19.9010049997481	0.5	5.33	6.96	1.15	0.04	5.17	0.3	0	0.5	0.0
300000	0.2	0.8929	8.2	118.3	0.23209	0.8094680713518021	19000	3.2199378875997	0.5	1.24	1.52	0.22	0.0	0.4	0.3	1	0.5	0.0
300000	0.40000001	0.4464	18.5	165.0	0.08216	0.23614169473164873	4600	6.57403985384938	0.5	1.46	2.13	0.4	0.01	1.27	0.3	0	0.5	0.0
300000	0.60000002	0.2976	20.8	171.1	0.01687	0.037571078825687325	460	20.884874909848	0.5	2.93	5.53	0.69	0.01	2.78	0.3	0	0.5	0.0
300000	0.80000001	0.2232	21.9	173.6	0.00099	0.0011695275767067271	140	37.7895488197464	0.5	5.33	10.01	1.17	0.02	5.17	0.3	0	0.5	0.0
1000000	0.80000001	0.744	6.9	160.0	0.00085	0.0014160200840141715	31	80.5878899090924	0.5	5.44	18.83	1.18	0.01	5.18	0.3	1	0.5	0.0
