*
*
*
&Data
   Name  = 'LHEC CC ele pp cross section D5:datlhec160ccem'
   
   IndexDataset = 1005

   Reaction = 'CC e+-p'

 ! Data table definitions:
   NData   =  93
   NColumn =  10   ! 3 bins, 2 ignore  sigma and 4 errors

 ! Layout of the data table columns: 3 bins, cross-section and 116 errors
 ! The following types are predefined: Bin, Sigma, Error and Dummy (case sensitive!)
  ColumnType = 4*'Bin','Sigma', 'Dummy', 4*'Error'

  ColumnName = 'Q2','x', 'y','ignore', 'reduced x-section','ignore', 'stat','uncor', 'ccsys', 'ignore'

 ! options for bins: depends on Reaction type, for NC e+-p these are 'x', 'Q2' and 'y'
 ! options for the errors: 'stat', 'uncor', 'ignore' or different names for correlated uncertainties


 ! Extra information for the x-section calculation:
 !  NInfo    = 4
 !  DataInfo =  1296 ,     -1.  ,  1.     ,   0.0
 !  CInfo    = 'sqrt(S)','e charge','reduced','e polarity'

   TermName = 'R'
   TermSource = 'use:hf_scheme_DISCC'
   TermInfo = 'type=sigred:flav=incl:echarge=-1:epolarity=-0.0'
   TheorExpr = 'R'



   
   Percent  = 21*True

&END
*        Ep        Ee   eCharge      ePol    Lumifb    lhapdf        NC        CC     itarg    erunco 1 0.5
*     1000.       60.       -1.      0.0     1.0     21000         0         1         1      0.70 1 0.5
*
*      q2         x       y  thetaj    sigrCC    nevent   estat   eunco   esyst    etot 

100	0.0005	0.83333	4.7	1.7480599685396085	41000	4.9	0.5	2.0	2.12
100	0.00085	0.4902	13.8	2.05536431406502	30000	5.8	0.5	2.0	2.14
100	0.002	0.20833	39.2	2.1483013604630834	90000	3.3	0.5	2.0	2.09
100	0.005	0.08333	87.5	1.896012758068648	59000	4.1	0.5	2.0	2.1
100	0.0085	0.04902	117.8	1.4955933846904537	21000	6.9	0.5	2.0	2.17
100	0.02	0.02083	151.6	1.2413324815712785	53000	4.4	0.5	2.0	2.11
100	0.05	0.00833	168.5	0.9239865830130771	32000	5.6	0.5	2.0	2.14
100	0.085	0.0049	173.3	0.9011985765244399	24000	6.5	0.5	2.0	2.16
100	0.2	0.00208	177.1	0.5984404254363892	13000	8.8	0.5	2.0	2.24
100	0.30000001	0.00139	178.1	0.4557554254291395	6200	12.7	0.5	2.0	2.42
100	0.40000001	0.00104	178.6	0.256570043230732	1800	23.5	0.5	3.33	4.11
200	0.002	0.41667	24.4	1.9398890518850325	200000	2.2	0.5	2.0	2.07
200	0.005	0.16667	65.7	1.7893884576451868	150000	2.6	0.5	2.0	2.08
200	0.0085	0.09804	97.6	1.6127841981542337	56000	4.2	0.5	2.0	2.1
200	0.02	0.04167	140.3	1.302217011530055	140000	2.7	0.5	2.0	2.08
200	0.05	0.01667	163.8	0.9965579409085427	83000	3.5	0.5	2.0	2.09
200	0.085	0.0098	170.4	0.7764032438706798	60000	4.1	0.5	2.0	2.1
200	0.2	0.00417	175.9	0.5752940262745112	31000	5.6	0.5	2.0	2.14
200	0.30000001	0.00278	177.3	0.5082395169589455	15000	8.2	0.5	2.0	2.22
200	0.40000001	0.00208	178.0	0.38699816343534627	7500	11.6	0.5	3.33	3.56
200	0.5	0.00167	178.4	0.15463312985695904	3500	16.8	0.5	4.67	4.99
200	0.60000002	0.00139	178.6	0.05885795309864858	1300	27.3	0.5	6.0	6.61
200	0.69999999	0.00119	178.8	0.024482895880331958	310	56.7	0.5	7.33	9.29
200	0.80000001	0.00104	179.0	0.007014525681731402	69	120.2	0.5	8.67	14.83
500	0.005	0.41667	37.7	1.5527082663606964	300000	1.8	0.5	2.0	2.07
500	0.0085	0.2451	66.9	1.440601609953794	120000	2.9	0.5	2.0	2.08
500	0.02	0.10417	118.9	1.2824760161018816	320000	1.8	0.5	2.0	2.07
500	0.05	0.04167	154.3	0.9950727262457958	190000	2.3	0.5	2.0	2.07
500	0.085	0.02451	164.8	0.8162737756250672	140000	2.7	0.5	2.0	2.08
500	0.2	0.01042	173.6	0.5697461055012545	70000	3.8	0.5	2.0	2.1
500	0.30000001	0.00694	175.7	0.4162192088507044	33000	5.5	0.5	2.0	2.13
500	0.40000001	0.00521	176.8	0.2914130874134216	16000	7.9	0.5	3.33	3.46
500	0.5	0.00417	177.4	0.15549010746906922	7300	11.7	0.5	4.67	4.84
500	0.60000002	0.00347	177.9	0.07621609367465172	3000	18.4	0.5	6.0	6.29
500	0.69999999	0.00298	178.2	0.021490568013754752	960	32.4	0.5	7.33	8.03
500	0.80000001	0.0026	178.4	0.0026264634208652154	210	68.3	0.5	8.67	11.04
1000	0.005	0.83333	14.7	1.1547204314857957	250000	2.0	0.5	2.0	2.07
1000	0.0085	0.4902	42.0	1.2463812766134854	170000	2.5	0.5	2.0	2.08
1000	0.02	0.20833	96.8	1.2045232229443794	470000	1.5	0.5	2.0	2.07
1000	0.05	0.08333	143.4	0.9211476861985455	300000	1.8	0.5	2.0	2.07
1000	0.085	0.04902	158.4	0.8247288028925491	210000	2.2	0.5	2.0	2.07
1000	0.2	0.02083	170.9	0.582114449664662	110000	3.0	0.5	2.0	2.08
1000	0.30000001	0.01389	173.9	0.42691147876667	50000	4.5	0.5	2.0	2.11
1000	0.40000001	0.01042	175.4	0.29447604237293334	24000	6.5	0.5	3.33	3.43
1000	0.5	0.00833	176.4	0.1584322657498628	11000	9.7	0.5	4.67	4.79
1000	0.60000002	0.00694	177.0	0.06998814472053265	4300	15.3	0.5	6.0	6.21
1000	0.69999999	0.00595	177.4	0.02663198660721685	1300	27.3	0.5	7.33	7.84
1000	0.80000001	0.00521	177.7	0.005733820372205189	290	58.5	0.5	8.67	10.47
2000	0.02	0.41667	68.7	1.06121852317151	680000	1.2	0.5	2.0	2.07
2000	0.05	0.16667	127.8	0.9379001536220984	480000	1.4	0.5	2.0	2.07
2000	0.085	0.09804	149.0	0.7735329698140802	350000	1.7	0.5	2.0	2.07
2000	0.2	0.04167	167.0	0.5499161209089289	180000	2.4	0.5	2.0	2.08
2000	0.30000001	0.02778	171.4	0.42966897163419787	81000	3.5	0.5	2.0	2.09
2000	0.40000001	0.02083	173.5	0.2746766587602966	38000	5.1	0.5	3.33	3.41
2000	0.5	0.01667	174.8	0.1509876431913957	17000	7.7	0.5	4.67	4.76
2000	0.60000002	0.01389	175.7	0.06472197920140565	6600	12.3	0.5	6.0	6.15
2000	0.69999999	0.0119	176.3	0.018081317960666386	2000	22.2	0.5	7.33	7.68
2000	0.80000001	0.01042	176.8	0.0034210033700759587	430	48.1	0.5	8.67	9.92
5000	0.05	0.41667	94.4	0.8265053498165822	630000	1.3	0.5	2.0	2.07
5000	0.085	0.2451	128.8	0.7385792596617451	500000	1.4	0.5	2.0	2.07
5000	0.2	0.10417	158.8	0.5432347721238544	250000	2.0	0.5	2.0	2.07
5000	0.30000001	0.06944	166.1	0.3993060181289614	110000	3.0	0.5	2.0	2.08
5000	0.40000001	0.05208	169.6	0.25595826555140877	53000	4.3	0.5	3.33	3.4
5000	0.5	0.04167	171.7	0.137464072316097	23000	6.5	0.5	4.67	4.74
5000	0.60000002	0.03472	173.1	0.05344023792508715	9000	10.6	0.5	6.0	6.11
5000	0.69999999	0.02976	174.1	0.011344730668011038	2700	19.2	0.5	7.33	7.6
5000	0.80000001	0.02604	174.9	0.002888676633293291	560	42.2	0.5	8.67	9.65
10000	0.05	0.83333	44.4	0.7276035505050974	320000	1.8	0.5	2.0	2.07
10000	0.085	0.4902	101.0	0.6937720424524175	400000	1.6	0.5	2.0	2.07
10000	0.2	0.20833	148.6	0.5418997191035421	210000	2.2	0.5	2.0	2.07
10000	0.30000001	0.13889	159.6	0.37839653243781696	95000	3.2	0.5	2.0	2.09
10000	0.40000001	0.10417	165.0	0.23426616343578252	44000	4.8	0.5	3.33	3.4
10000	0.5	0.08333	168.1	0.11616355255807254	19000	7.3	0.5	4.67	4.75
10000	0.60000002	0.06944	170.1	0.05881394493235963	7200	11.8	0.5	6.0	6.14
10000	0.69999999	0.05952	171.6	0.017403718488491312	2100	21.7	0.5	7.33	7.66
10000	0.80000001	0.05208	172.7	0.0033033882723281895	430	48.2	0.5	8.67	9.93
20000	0.2	0.41667	130.3	0.5204475276668091	160000	2.5	0.5	2.0	2.08
20000	0.30000001	0.27778	149.0	0.36213389624886844	75000	3.6	0.5	2.0	2.09
20000	0.40000001	0.20833	157.5	0.22816619959748613	35000	5.4	0.5	3.33	3.41
20000	0.5	0.16667	162.4	0.11463235997429437	15000	8.2	0.5	4.67	4.76
20000	0.60000002	0.13889	165.5	0.04274535097829309	5500	13.5	0.5	6.0	6.17
20000	0.69999999	0.11905	167.7	0.0065673137200530935	1600	24.9	0.5	7.33	7.76
20000	0.80000001	0.10417	169.3	0.0015879161375213472	320	55.9	0.5	8.67	10.33
50000	0.30000001	0.69444	112.0	0.3535000712327822	48000	4.5	0.5	2.0	2.11
50000	0.40000001	0.52083	136.0	0.1912057729942373	22000	6.7	0.5	3.33	3.44
50000	0.5	0.41667	147.4	0.09856991150906463	9400	10.3	0.5	4.67	4.81
50000	0.60000002	0.34722	154.0	0.04492601542578236	3500	17.0	0.5	6.0	6.26
50000	0.69999999	0.29762	158.4	0.009623940888475872	1000	31.6	0.5	7.33	8.0
50000	0.80000001	0.26042	161.5	3.720944969155338e-05	190	71.8	0.5	8.67	11.27
100000	0.5	0.83333	104.5	0.09931378606335854	3400	17.1	0.5	4.67	5.0
100000	0.60000002	0.69444	129.0	0.026687105056408134	1500	26.1	0.5	6.0	6.56
100000	0.69999999	0.59524	140.9	7.11943878965466e-05	420	48.8	0.5	7.33	8.83
100000	0.80000001	0.52083	148.1	0.0025229198459816287	80	112.0	0.5	8.67	14.17
