*
*
*
&Data
   Name  = 'LHEC CC ele pp cross section D6: datlhec760ccepp'
   
   IndexDataset = 1006

   Reaction = 'CC e+-p'

 ! Data table definitions:
   NData   =  109
   NColumn =  10   ! 3 bins, 2 ignore  sigma and 4 errors

 ! Layout of the data table columns: 3 bins, cross-section and 116 errors
 ! The following types are predefined: Bin, Sigma, Error and Dummy (case sensitive!)
  ColumnType = 4*'Bin','Sigma', 'Dummy', 4*'Error'

  ColumnName = 'Q2','x', 'y','ignore', 'reduced x-section','ignore', 'stat','uncor', 'ccsys', 'ignore'

 ! options for bins: depends on Reaction type, for NC e+-p these are 'x', 'Q2' and 'y'
 ! options for the errors: 'stat', 'uncor', 'ignore' or different names for correlated uncertainties


 ! Extra information for the x-section calculation:
 !  NInfo    = 4
 !  DataInfo =  1296 ,     -1.  ,  1.     ,   0.0
 !  CInfo    = 'sqrt(S)','e charge','reduced','e polarity'

   TermName = 'R'
   TermSource = 'use:hf_scheme_DISCC'
   TermInfo = 'type=sigred:flav=incl:echarge=-1:epolarity=-0.0'
   TheorExpr = 'R'



   
   Percent  = 21*True

&END
*        Ep        Ee   eCharge      ePol    Lumifb    lhapdf        NC        CC     itarg    erunco 1 0.5
*     7000.       60.       -1.      0.0     1.0     21000         0         1         1      0.70 1 0.5
*
*      q2         x       y  thetaj    sigrCC    nevent   estat   eunco   esyst    etot 

100	8.5e-05	0.70028	7.5	2.986748465395548	56000.0	4.2	0.5	2.0	2.1
100	0.0002	0.29762	26.4	3.6435341962643193	180000.0	2.4	0.5	2.0	2.08
100	0.0005	0.11905	66.6	3.5448456174779834	130000.0	2.8	0.5	2.0	2.08
100	0.00085	0.07003	97.9	3.129724240239281	46000.0	4.7	0.5	2.0	2.11
100	0.002	0.02976	140.1	2.5245550951995326	110000.0	3.0	0.5	2.0	2.08
100	0.005	0.0119	163.6	1.9193037365128576	62000.0	4.0	0.5	2.0	2.1
100	0.0085	0.007	170.4	1.6286571450618283	21000.0	6.8	0.5	2.0	2.17
100	0.02	0.00298	175.9	1.294196276922591	50000.0	4.5	0.5	2.0	2.11
100	0.05	0.00119	178.4	0.9753279758462767	20000.0	7.1	0.5	2.0	2.18
200	0.0002	0.59524	14.4	3.0402415012196062	350000.0	1.7	0.5	2.0	2.07
200	0.0005	0.2381	46.7	3.4519030100027295	320000.0	1.8	0.5	2.0	2.07
200	0.00085	0.14006	75.9	3.341698143710003	120000.0	2.8	0.5	2.0	2.08
200	0.002	0.05952	125.0	2.7062758726315677	310000.0	1.8	0.5	2.0	2.07
200	0.005	0.02381	156.9	2.082451014465748	170000.0	2.4	0.5	2.0	2.08
200	0.0085	0.01401	166.4	1.6555969245046847	58000.0	4.1	0.5	2.0	2.1
200	0.02	0.00595	174.2	1.3400867917359058	130000.0	2.7	0.5	2.0	2.08
200	0.05	0.00238	177.7	0.9581218494265817	69000.0	3.8	0.5	2.0	2.1
200	0.085	0.0014	178.6	0.8020666024360048	31000.0	5.7	0.5	2.0	2.14
500	0.0005	0.59524	22.5	2.7817748917619705	630000.0	1.3	0.5	2.0	2.07
500	0.00085	0.35014	46.4	3.019095325592085	270000.0	1.9	0.5	2.0	2.07
500	0.002	0.14881	98.2	2.7622731890657537	730000.0	1.2	0.5	2.0	2.06
500	0.005	0.05952	143.5	2.156870064064461	420000.0	1.5	0.5	2.0	2.07
500	0.0085	0.03501	158.3	1.8621393414756822	140000.0	2.6	0.5	2.0	2.08
500	0.02	0.01488	170.8	1.377543675775211	320000.0	1.8	0.5	2.0	2.07
500	0.05	0.00595	176.3	0.9661718560932938	160000.0	2.5	0.5	2.0	2.08
500	0.085	0.0035	177.8	0.8327442847571749	94000.0	3.3	0.5	2.0	2.09
500	0.2	0.00149	179.1	0.6237572117734745	31000.0	5.7	0.5	2.0	2.14
1000	0.00085	0.70028	23.3	2.3340060602592874	350000.0	1.7	0.5	2.0	2.07
1000	0.002	0.29762	73.2	2.569883322042105	1100000.0	1.0	0.5	2.0	2.06
1000	0.005	0.11905	128.6	2.225059461110924	680000.0	1.2	0.5	2.0	2.07
1000	0.0085	0.07003	149.2	1.8955230127126947	230000.0	2.1	0.5	2.0	2.07
1000	0.02	0.02976	166.9	1.4000790521027666	530000.0	1.4	0.5	2.0	2.07
1000	0.05	0.0119	174.8	0.9567461380659084	260000.0	2.0	0.5	2.0	2.07
1000	0.085	0.007	176.9	0.851724161446244	150000.0	2.6	0.5	2.0	2.08
1000	0.2	0.00298	178.7	0.5570882573985645	59000.0	4.1	0.5	2.0	2.1
1000	0.30000001	0.00198	179.1	0.46296604986177603	22000.0	6.8	0.5	2.0	2.17
1000	0.40000001	0.00149	179.4	0.24276493607136929	8100.0	11.1	0.5	3.33	3.55
1000	0.5	0.00119	179.5	0.1360833059037543	1600.0	25.4	0.5	4.67	5.34
2000	0.002	0.59524	43.4	2.0296558008938845	1200000.0	0.9	0.5	2.0	2.06
2000	0.005	0.2381	107.6	2.0630843214990837	1100000.0	1.0	0.5	2.0	2.06
2000	0.0085	0.14006	135.9	1.8641518282085379	390000.0	1.6	0.5	2.0	2.07
2000	0.02	0.05952	161.3	1.3845013318619874	890000.0	1.1	0.5	2.0	2.06
2000	0.05	0.02381	172.6	0.9970522937602058	440000.0	1.5	0.5	2.0	2.07
2000	0.085	0.01401	175.7	0.8293435379601389	250000.0	2.0	0.5	2.0	2.07
2000	0.2	0.00595	178.2	0.576048703405277	96000.0	3.2	0.5	2.0	2.09
2000	0.30000001	0.00397	178.8	0.42978152304231526	35000.0	5.4	0.5	2.0	2.13
2000	0.40000001	0.00298	179.1	0.2526766390597067	13000.0	8.8	0.5	3.33	3.48
2000	0.5	0.00238	179.3	0.1430592453782998	4300.0	15.3	0.5	4.67	4.94
2000	0.60000002	0.00198	179.4	0.06215747057185167	1100.0	29.6	0.5	6.0	6.71
2000	0.69999999	0.0017	179.5	0.03394653261651529	120.0	90.9	0.5	7.33	11.69
5000	0.005	0.59524	64.4	1.5472704806234432	1200000.0	0.9	0.5	2.0	2.06
5000	0.0085	0.35014	107.2	1.5743483858965204	490000.0	1.4	0.5	2.0	2.07
5000	0.02	0.14881	149.4	1.3643699352824812	1200000.0	0.9	0.5	2.0	2.06
5000	0.05	0.05952	168.1	0.9973014432150193	640000.0	1.2	0.5	2.0	2.07
5000	0.085	0.03501	173.1	0.8312583873866185	360000.0	1.7	0.5	2.0	2.07
5000	0.2	0.01488	177.1	0.5520438893297482	140000.0	2.7	0.5	2.0	2.08
5000	0.30000001	0.00992	178.1	0.3773197676735421	49000.0	4.5	0.5	2.0	2.11
5000	0.40000001	0.00744	178.5	0.23780899380697398	18000.0	7.5	0.5	3.33	3.45
5000	0.5	0.00595	178.8	0.1513547893434145	5800.0	13.1	0.5	4.67	4.87
5000	0.60000002	0.00496	179.0	0.04533586557301676	1500.0	25.6	0.5	6.0	6.54
5000	0.69999999	0.00425	179.2	0.019389492360440568	280.0	59.6	0.5	7.33	9.46
5000	0.80000001	0.00372	179.3	-0.004981380507339333	28.0	189.5	0.5	8.67	20.84
10000	0.0085	0.70028	66.2	1.2200258399772148	310000.0	1.8	0.5	2.0	2.07
10000	0.02	0.29762	133.8	1.2285721048365887	890000.0	1.1	0.5	2.0	2.06
10000	0.05	0.11905	162.7	0.9253749581268851	510000.0	1.4	0.5	2.0	2.07
10000	0.085	0.07003	170.0	0.8244600810724995	290000.0	1.8	0.5	2.0	2.07
10000	0.2	0.02976	175.8	0.5525247802512553	110000.0	3.0	0.5	2.0	2.08
10000	0.30000001	0.01984	177.2	0.39938226094890206	40000.0	5.0	0.5	2.0	2.12
10000	0.40000001	0.01488	177.9	0.24607112922730676	14000.0	8.3	0.5	3.33	3.47
10000	0.5	0.0119	178.4	0.0823169333207514	4600.0	14.7	0.5	4.67	4.92
10000	0.60000002	0.00992	178.6	0.04554487314007823	1200.0	29.0	0.5	6.0	6.68
10000	0.69999999	0.0085	178.8	0.016267100796770927	220.0	68.0	0.5	7.33	10.01
10000	0.80000001	0.00744	179.0	-0.004206473073532186	21.0	218.4	0.5	8.67	23.5
20000	0.02	0.59524	103.1	0.9899236138745977	490000.0	1.4	0.5	2.0	2.07
20000	0.05	0.2381	153.9	0.898159079357727	360000.0	1.7	0.5	2.0	2.07
20000	0.085	0.14006	165.4	0.7642017587910944	220000.0	2.1	0.5	2.0	2.07
20000	0.2	0.05952	174.0	0.5670912236284479	87000.0	3.4	0.5	2.0	2.09
20000	0.30000001	0.03968	176.1	0.35160209598901093	31000.0	5.7	0.5	2.0	2.14
20000	0.40000001	0.02976	177.1	0.26406893616176763	11000.0	9.6	0.5	3.33	3.5
20000	0.5	0.02381	177.7	0.11152879789231852	3500.0	17.0	0.5	4.67	4.99
20000	0.60000002	0.01984	178.1	0.05765329627367363	890.0	33.5	0.5	6.0	6.89
20000	0.69999999	0.01701	178.3	0.009103002639802328	160.0	79.2	0.5	7.33	10.8
20000	0.80000001	0.01488	178.5	-0.0022419468972998194	15.0	256.6	0.5	8.67	27.09
50000	0.05	0.59524	126.7	0.7724884946688165	170000.0	2.5	0.5	2.0	2.08
50000	0.085	0.35014	153.8	0.7163406476471851	120000.0	2.9	0.5	2.0	2.08
50000	0.2	0.14881	170.1	0.5387681855667434	51000.0	4.4	0.5	2.0	2.11
50000	0.30000001	0.09921	173.6	0.29964646245389026	18000.0	7.4	0.5	2.0	2.19
50000	0.40000001	0.0744	175.2	0.18152826783366727	6600.0	12.3	0.5	3.33	3.59
50000	0.5	0.05952	176.2	0.07986823650290949	2100.0	21.9	0.5	4.67	5.18
50000	0.60000002	0.0496	176.9	0.04395115612912055	530.0	43.4	0.5	6.0	7.42
50000	0.69999999	0.04252	177.3	0.01466014847878253	94.0	103.1	0.5	7.33	12.66
50000	0.80000001	0.0372	177.7	0.004648026733821808	8.8	336.7	0.5	8.67	34.77
100000	0.085	0.70028	128.2	0.6223860802915665	34000.0	5.4	0.5	2.0	2.13
100000	0.2	0.29762	164.7	0.47820585567730517	17000.0	7.7	0.5	2.0	2.2
100000	0.30000001	0.19841	170.4	0.4157995770538749	6700.0	12.2	0.5	2.0	2.4
100000	0.40000001	0.14881	173.0	0.13585379969526445	2500.0	20.1	0.5	3.33	3.92
100000	0.5	0.11905	174.5	0.042464484644660794	790.0	35.5	0.5	4.67	5.88
100000	0.60000002	0.09921	175.5	0.09682516494666132	200.0	70.2	0.5	6.0	9.25
100000	0.69999999	0.08503	176.1	0.012220655238155454	36.0	166.7	0.5	7.33	18.22
200000	0.2	0.59524	151.8	0.45776634738960337	5000.0	14.2	0.5	2.0	2.5
200000	0.30000001	0.39683	164.4	0.2894159695098466	2300.0	20.8	0.5	2.0	2.93
200000	0.40000001	0.29762	169.1	0.298512710210514	940.0	32.7	0.5	3.33	4.69
200000	0.5	0.2381	171.6	0.13403469388074402	320.0	56.2	0.5	4.67	7.32
200000	0.60000002	0.19841	173.2	-0.0556663919709671	84.0	109.4	0.5	6.0	12.49
200000	0.69999999	0.17007	174.3	0.044442881052684916	15.0	257.3	0.5	7.33	26.76
500000	0.40000001	0.74405	152.0	0.11657724442074964	180.0	73.8	0.5	3.33	8.11
500000	0.5	0.59524	162.0	0.1913434880106606	77.0	114.2	0.5	4.67	12.35
500000	0.60000002	0.49603	166.5	0.030117963519939873	23.0	208.5	0.5	6.0	21.71
500000	0.69999999	0.42517	169.1	0.06636174886605678	4.6	467.9	0.5	7.33	47.36
