*
*
*
&Data
   Name  = 'LHEC CC ele pp cross section D7: datlhec760ccepp'
   
   IndexDataset = 1007

   Reaction = 'CC e+-p'

 ! Data table definitions:
   NData   =  109
   NColumn =  10   ! 3 bins, 2 ignore  sigma and 4 errors

 ! Layout of the data table columns: 3 bins, cross-section and 116 errors
 ! The following types are predefined: Bin, Sigma, Error and Dummy (case sensitive!)
  ColumnType = 4*'Bin','Sigma', 'Dummy', 4*'Error'

  ColumnName = 'Q2','x', 'y','ignore', 'reduced x-section','ignore', 'stat','uncor', 'ccsys', 'ignore'

 ! options for bins: depends on Reaction type, for NC e+-p these are 'x', 'Q2' and 'y'
 ! options for the errors: 'stat', 'uncor', 'ignore' or different names for correlated uncertainties


 ! Extra information for the x-section calculation:
 !  NInfo    = 4
 !  DataInfo =  1296 ,     -1.  ,  1.     ,   0.0
 !  CInfo    = 'sqrt(S)','e charge','reduced','e polarity'

   TermName = 'R'
   TermSource = 'use:hf_scheme_DISCC'
   TermInfo = 'type=sigred:flav=incl:echarge=-1:epolarity=-0.0'
   TheorExpr = 'R'



   
   Percent  = 21*True

&END
*        Ep        Ee   eCharge      ePol    Lumifb    lhapdf        NC        CC     itarg    erunco 1 0.5
*     7000.       60.       -1.      0.0     10.0     21000         0         1         1      0.70 1 0.5
*
*      q2         x       y  thetaj    sigrCC    nevent   estat   eunco   esyst    etot 

100	8.5e-05	0.70028	7.5	3.1256037926667477	56000.0	1.32815661727072	0.5	2.0	2.1
100	0.0002	0.29762	26.4	3.79970821743683	180000.0	0.758946638440411	0.5	2.0	2.08
100	0.0005	0.11905	66.6	3.729961414216716	130000.0	0.885437744847146	0.5	2.0	2.08
100	0.00085	0.07003	97.9	3.379092164202498	46000.0	1.48627050027914	0.5	2.0	2.11
100	0.002	0.02976	140.1	2.6623545376619258	110000.0	0.948683298050514	0.5	2.0	2.08
100	0.005	0.0119	163.6	2.0174569269288996	62000.0	1.26491106406735	0.5	2.0	2.1
100	0.0085	0.007	170.4	1.6960527606909768	21000.0	2.1503488089145	0.5	2.0	2.17
100	0.02	0.00298	175.9	1.2784334660234447	50000.0	1.42302494707577	0.5	2.0	2.11
100	0.05	0.00119	178.4	1.0403866316695396	20000.0	2.24521713871955	0.5	2.0	2.18
200	0.0002	0.59524	14.4	3.216938644353616	350000.0	0.537587202228625	0.5	2.0	2.07
200	0.0005	0.2381	46.7	3.6198156904571492	320000.0	0.569209978830308	0.5	2.0	2.07
200	0.00085	0.14006	75.9	3.493818105025469	120000.0	0.885437744847146	0.5	2.0	2.08
200	0.002	0.05952	125.0	2.876505373133121	310000.0	0.569209978830308	0.5	2.0	2.07
200	0.005	0.02381	156.9	2.1605127616207818	170000.0	0.758946638440411	0.5	2.0	2.08
200	0.0085	0.01401	166.4	1.8173716599292704	58000.0	1.29653384066904	0.5	2.0	2.1
200	0.02	0.00595	174.2	1.3596925796670984	130000.0	0.853814968245463	0.5	2.0	2.08
200	0.05	0.00238	177.7	1.001159514082574	69000.0	1.20166551086398	0.5	2.0	2.1
200	0.085	0.0014	178.6	0.8544615203500617	31000.0	1.80249826629598	0.5	2.0	2.14
500	0.0005	0.59524	22.5	2.8658165710205155	630000.0	0.411096095821889	0.5	2.0	2.07
500	0.00085	0.35014	46.4	3.120003569121746	270000.0	0.600832755431992	0.5	2.0	2.07
500	0.002	0.14881	98.2	2.9030721631988046	730000.0	0.379473319220206	0.5	2.0	2.06
500	0.005	0.05952	143.5	2.287947028978879	420000.0	0.474341649025257	0.5	2.0	2.07
500	0.0085	0.03501	158.3	1.923315273838747	140000.0	0.822192191643779	0.5	2.0	2.08
500	0.02	0.01488	170.8	1.4411435213780368	320000.0	0.569209978830308	0.5	2.0	2.07
500	0.05	0.00595	176.3	1.045537168942614	160000.0	0.790569415042095	0.5	2.0	2.08
500	0.085	0.0035	177.8	0.8455034739292995	94000.0	1.04355162785557	0.5	2.0	2.09
500	0.2	0.00149	179.1	0.6349680512225226	31000.0	1.80249826629598	0.5	2.0	2.14
1000	0.00085	0.70028	23.3	2.447002631909673	350000.0	0.537587202228625	0.5	2.0	2.07
1000	0.002	0.29762	73.2	2.6720592430503696	1100000.0	0.316227766016838	0.5	2.0	2.06
1000	0.005	0.11905	128.6	2.3078879943524195	680000.0	0.379473319220206	0.5	2.0	2.07
1000	0.0085	0.07003	149.2	1.979543844186702	230000.0	0.66407830863536	0.5	2.0	2.07
1000	0.02	0.02976	166.9	1.4682602534192886	530000.0	0.442718872423573	0.5	2.0	2.07
1000	0.05	0.0119	174.8	1.0564362345508338	260000.0	0.632455532033676	0.5	2.0	2.07
1000	0.085	0.007	176.9	0.862998997776208	150000.0	0.822192191643779	0.5	2.0	2.08
1000	0.2	0.00298	178.7	0.6047177575875764	59000.0	1.29653384066904	0.5	2.0	2.1
1000	0.30000001	0.00198	179.1	0.43986278005572144	22000.0	2.1503488089145	0.5	2.0	2.17
1000	0.40000001	0.00149	179.4	0.29140987644531613	8100.0	3.5101282027869	0.5	3.33	3.55
1000	0.5	0.00119	179.5	0.15567504322016343	1600.0	8.03218525682768	0.5	4.67	5.34
2000	0.002	0.59524	43.4	2.136184612446347	1200000.0	0.284604989415154	0.5	2.0	2.06
2000	0.005	0.2381	107.6	2.1420043216208215	1100000.0	0.316227766016838	0.5	2.0	2.06
2000	0.0085	0.14006	135.9	1.9211671424776695	390000.0	0.505964425626941	0.5	2.0	2.07
2000	0.02	0.05952	161.3	1.452291694059233	890000.0	0.347850542618522	0.5	2.0	2.06
2000	0.05	0.02381	172.6	1.063905858310492	440000.0	0.474341649025257	0.5	2.0	2.07
2000	0.085	0.01401	175.7	0.8584990009556621	250000.0	0.632455532033676	0.5	2.0	2.07
2000	0.2	0.00595	178.2	0.5996176852450973	96000.0	1.01192885125388	0.5	2.0	2.09
2000	0.30000001	0.00397	178.8	0.4187807265120429	35000.0	1.70762993649093	0.5	2.0	2.13
2000	0.40000001	0.00298	179.1	0.270722264128761	13000.0	2.78280434094817	0.5	3.33	3.48
2000	0.5	0.00238	179.3	0.1412750213973711	4300.0	4.83828482005762	0.5	4.67	4.94
2000	0.60000002	0.00198	179.4	0.053819407569712	1100.0	9.3603418740984	0.5	6.0	6.71
2000	0.69999999	0.0017	179.5	0.026916362230681532	120.0	28.7451039309306	0.5	7.33	11.69
5000	0.005	0.59524	64.4	1.607053119393439	1200000.0	0.284604989415154	0.5	2.0	2.06
5000	0.0085	0.35014	107.2	1.6499866554044693	490000.0	0.442718872423573	0.5	2.0	2.07
5000	0.02	0.14881	149.4	1.408429346635072	1200000.0	0.284604989415154	0.5	2.0	2.06
5000	0.05	0.05952	168.1	1.0374024341875678	640000.0	0.379473319220206	0.5	2.0	2.07
5000	0.085	0.03501	173.1	0.8450989447282202	360000.0	0.537587202228625	0.5	2.0	2.07
5000	0.2	0.01488	177.1	0.5781412595468532	140000.0	0.853814968245463	0.5	2.0	2.08
5000	0.30000001	0.00992	178.1	0.41102923545971076	49000.0	1.42302494707577	0.5	2.0	2.11
5000	0.40000001	0.00744	178.5	0.26429120225314945	18000.0	2.37170824512628	0.5	3.33	3.45
5000	0.5	0.00595	178.8	0.1348289898913919	5800.0	4.14258373482058	0.5	4.67	4.87
5000	0.60000002	0.00496	179.0	0.0527864593938903	1500.0	8.09543081003105	0.5	6.0	6.54
5000	0.69999999	0.00425	179.2	0.01408770546624144	280.0	18.8471748546035	0.5	7.33	9.46
5000	0.80000001	0.00372	179.3	0.003245086412334016	28.0	59.9251616601908	0.5	8.67	20.84
10000	0.0085	0.70028	66.2	1.2846527841521604	310000.0	0.569209978830308	0.5	2.0	2.07
10000	0.02	0.29762	133.8	1.259265468213779	890000.0	0.347850542618522	0.5	2.0	2.06
10000	0.05	0.11905	162.7	0.9930636910277741	510000.0	0.442718872423573	0.5	2.0	2.07
10000	0.085	0.07003	170.0	0.8235367457244162	290000.0	0.569209978830308	0.5	2.0	2.07
10000	0.2	0.02976	175.8	0.5613091498095026	110000.0	0.948683298050514	0.5	2.0	2.08
10000	0.30000001	0.01984	177.2	0.40837219240901074	40000.0	1.58113883008419	0.5	2.0	2.12
10000	0.40000001	0.01488	177.9	0.25787989608681144	14000.0	2.62469045793976	0.5	3.33	3.47
10000	0.5	0.0119	178.4	0.12550023594834492	4600.0	4.64854816044752	0.5	4.67	4.92
10000	0.60000002	0.00992	178.6	0.04855474224749769	1200.0	9.1706052144883	0.5	6.0	6.68
10000	0.69999999	0.0085	178.8	0.012458610455537556	220.0	21.503488089145	0.5	7.33	10.01
10000	0.80000001	0.00744	179.0	0.0017004115588259991	21.0	69.0641440980774	0.5	8.67	23.5
20000	0.02	0.59524	103.1	1.040176318184442	490000.0	0.442718872423573	0.5	2.0	2.07
20000	0.05	0.2381	153.9	0.94287680348522	360000.0	0.537587202228625	0.5	2.0	2.07
20000	0.085	0.14006	165.4	0.8038302621709325	220000.0	0.66407830863536	0.5	2.0	2.07
20000	0.2	0.05952	174.0	0.5582877186249002	87000.0	1.07517440445725	0.5	2.0	2.09
20000	0.30000001	0.03968	176.1	0.37165615213599723	31000.0	1.80249826629598	0.5	2.0	2.14
20000	0.40000001	0.02976	177.1	0.2382257942814028	11000.0	3.03578655376164	0.5	3.33	3.5
20000	0.5	0.02381	177.7	0.11185536760357127	3500.0	5.37587202228625	0.5	4.67	4.99
20000	0.60000002	0.01984	178.1	0.043273528425743696	890.0	10.5936301615641	0.5	6.0	6.89
20000	0.69999999	0.01701	178.3	0.012703414359545976	160.0	25.0452390685336	0.5	7.33	10.8
20000	0.80000001	0.01488	178.5	0.0018733208603572242	15.0	81.1440447599206	0.5	8.67	27.09
50000	0.05	0.59524	126.7	0.7971575677575221	170000.0	0.790569415042095	0.5	2.0	2.08
50000	0.085	0.35014	153.8	0.7435264712526312	120000.0	0.91706052144883	0.5	2.0	2.08
50000	0.2	0.14881	170.1	0.5299005180376672	51000.0	1.39140217047409	0.5	2.0	2.11
50000	0.30000001	0.09921	173.6	0.36878110922383267	18000.0	2.3400854685246	0.5	2.0	2.19
50000	0.40000001	0.0744	175.2	0.22326238988279434	6600.0	3.88960152200711	0.5	3.33	3.59
50000	0.5	0.05952	176.2	0.11246890438387472	2100.0	6.92538807576875	0.5	4.67	5.18
50000	0.60000002	0.0496	176.9	0.04118111575253057	530.0	13.7242850451308	0.5	6.0	7.42
50000	0.69999999	0.04252	177.3	0.006183038578619176	94.0	32.603082676336	0.5	7.33	12.66
50000	0.80000001	0.0372	177.7	-0.0012068248832943426	8.8	106.473888817869	0.5	8.67	34.77
100000	0.085	0.70028	128.2	0.702682643457569	34000.0	1.70762993649093	0.5	2.0	2.13
100000	0.2	0.29762	164.7	0.5129097719747834	17000.0	2.43495379832965	0.5	2.0	2.2
100000	0.30000001	0.19841	170.4	0.3609005558597411	6700.0	3.85797874540542	0.5	2.0	2.4
100000	0.40000001	0.14881	173.0	0.20242364207644775	2500.0	6.35617809693844	0.5	3.33	3.92
100000	0.5	0.11905	174.5	0.0960787083529919	790.0	11.2260856935977	0.5	4.67	5.88
100000	0.60000002	0.09921	175.5	0.03463399762684115	200.0	22.199189174382	0.5	6.0	9.25
100000	0.69999999	0.08503	176.1	0.0020601052232259716	36.0	52.7151685950069	0.5	7.33	18.22
200000	0.2	0.59524	151.8	0.49439173160425093	5000.0	4.4904342774391	0.5	2.0	2.5
200000	0.30000001	0.39683	164.4	0.37777943651518475	2300.0	6.57753753315023	0.5	2.0	2.93
200000	0.40000001	0.29762	169.1	0.19622780023705635	940.0	10.3406479487506	0.5	3.33	4.69
200000	0.5	0.2381	171.6	0.12500432149087592	320.0	17.7720004501463	0.5	4.67	7.32
200000	0.60000002	0.19841	173.2	0.041862848036728406	84.0	34.5953176022421	0.5	6.0	12.49
200000	0.69999999	0.17007	174.3	0.018064977782746666	15.0	81.3654041961324	0.5	7.33	26.76
500000	0.40000001	0.74405	152.0	0.1998240071114134	180.0	23.3376091320426	0.5	3.33	8.11
500000	0.5	0.59524	162.0	0.10899776519803071	77.0	36.1132108791229	0.5	4.67	12.35
500000	0.60000002	0.49603	166.5	0.030363679629949004	23.0	65.9334892145107	0.5	6.0	21.71
500000	0.69999999	0.42517	169.1	0.02400054755762949	4.6	147.962971719278	0.5	7.33	47.36
