   8317.00000             101          15   9.99999975E-05  0.999899983    
            x          g             U             D          Ubar          Dbar         u_val         d_val           sea         u_sea         d_sea           str           chm           bot               ph         strbar
  0.100000E-03   86.9497       6.64956       9.46492       6.63196       9.45731      0.176090E-01  0.760685E-02   16.0893       3.55288       3.55131       3.40118       3.07907       2.50482       0.00000       3.40118    
  0.109648E-03   83.7051       6.43630       9.15512       6.41767       9.14704      0.186233E-01  0.807837E-02   15.5647       3.44207       3.44039       3.29268       2.97560       2.41397       0.00000       3.29268    
  0.120226E-03   80.6176       6.23214       8.85867       6.21241       8.85007      0.197296E-01  0.859645E-02   15.0625       3.33585       3.33406       3.18871       2.87656       2.32730       0.00000       3.18871    
  0.131825E-03   77.5925       6.03163       8.56755       6.01075       8.55841      0.208779E-01  0.913567E-02   14.5692       3.23147       3.22957       3.08654       2.77928       2.24230       0.00000       3.08654    
  0.144543E-03   74.6569       5.83634       8.28405       5.81425       8.27435      0.220863E-01  0.970515E-02   14.0886       3.12972       3.12769       2.98697       2.68453       2.15968       0.00000       2.98697    
  0.158489E-03   71.8399       5.64802       8.01073       5.62464       8.00041      0.233839E-01  0.103210E-01   13.6250       3.03148       3.02931       2.89086       2.59315       2.08024       0.00000       2.89086    
  0.173779E-03   69.0803       5.46308       7.74234       5.43836       7.73138      0.247275E-01  0.109608E-01   13.1697       2.93494       2.93263       2.79641       2.50341       2.00233       0.00000       2.79641    
  0.190545E-03   66.4299       5.28461       7.48336       5.25845       7.47171      0.261633E-01  0.116487E-01   12.7302       2.84165       2.83919       2.70517       2.41679       1.92735       0.00000       2.70517    
  0.208928E-03   63.8626       5.11108       7.23157       5.08340       7.21920      0.276807E-01  0.123781E-01   12.3026       2.75085       2.74822       2.61636       2.33256       1.85461       0.00000       2.61636    
  0.229085E-03   61.3491       4.94076       6.98444       4.91151       6.97131      0.292513E-01  0.131347E-01   11.8828       2.66165       2.65885       2.52914       2.24986       1.78331       0.00000       2.52914    
  0.251186E-03   58.9608       4.77795       6.74821       4.74699       6.73424      0.309583E-01  0.139635E-01   11.4812       2.57621       2.57323       2.44562       2.17078       1.71539       0.00000       2.44562    
  0.275420E-03   56.6248       4.61830       6.51655       4.58557       6.50172      0.327302E-01  0.148270E-01   11.0873       2.49235       2.48918       2.36365       2.09322       1.64889       0.00000       2.36365    
  0.301992E-03   54.3592       4.46291       6.29105       4.42832       6.27531      0.345894E-01  0.157372E-01   10.7036       2.41062       2.40725       2.28378       2.01769       1.58429       0.00000       2.28378    
  0.331127E-03   52.1912       4.31345       6.07413       4.27687       6.05741      0.365842E-01  0.167197E-01   10.3343       2.33186       2.32826       2.20681       1.94501       1.52233       0.00000       2.20681    
  0.363073E-03   50.0693       4.16683       5.86128       4.12818       5.84354      0.386483E-01  0.177394E-01   9.97172       2.25451       2.25068       2.13122       1.87368       1.46163       0.00000       2.13122    
  0.398101E-03   48.0338       4.02551       5.65606       3.98466       5.63723      0.408488E-01  0.188332E-01   9.62188       2.17979       2.17572       2.05823       1.80487       1.40328       0.00000       2.05823    
  0.436509E-03   46.0667       3.88842       5.45693       3.84525       5.43693      0.431716E-01  0.199931E-01   9.28218       2.10718       2.10285       1.98730       1.73808       1.34679       0.00000       1.98730    
  0.478622E-03   44.1427       3.75402       5.26163       3.70845       5.24044      0.455725E-01  0.211951E-01   8.94888       2.03589       2.03129       1.91767       1.67255       1.29148       0.00000       1.91767    
  0.524798E-03   42.3177       3.62579       5.07518       3.57762       5.05268      0.481714E-01  0.225063E-01   8.63030       1.96767       1.96277       1.85103       1.60996       1.23887       0.00000       1.85103    
  0.575429E-03   40.5361       3.50032       4.89265       3.44945       4.86878      0.508690E-01  0.238722E-01   8.31822       1.90079       1.89559       1.78572       1.54865       1.18746       0.00000       1.78572    
  0.630945E-03   38.8095       3.37830       4.71505       3.32461       4.68974      0.536915E-01  0.253072E-01   8.01436       1.83563       1.83011       1.72209       1.48898       1.13755       0.00000       1.72209    
  0.691816E-03   37.1623       3.26135       4.54465       3.20464       4.51779      0.567167E-01  0.268556E-01   7.72243       1.77295       1.76708       1.66088       1.43169       1.08983       0.00000       1.66088    
  0.758561E-03   35.5519       3.14677       4.37759       3.08693       4.34913      0.598426E-01  0.284605E-01   7.43605       1.71143       1.70520       1.60081       1.37549       1.04312       0.00000       1.60081    
  0.831745E-03   34.0091       3.03653       4.21668       2.97337       4.18651      0.631612E-01  0.301736E-01   7.15988       1.65204       1.64543       1.54281       1.32133      0.998273       0.00000       1.54281    
  0.911989E-03   32.5221       2.92993       4.06089       2.86327       4.02890      0.666596E-01  0.319892E-01   6.89217       1.59442       1.58740       1.48653       1.26885      0.954971       0.00000       1.48653    
  0.999975E-03   31.0694       2.82557       3.90825       2.75530       3.87438      0.702703E-01  0.338689E-01   6.62968       1.53788       1.53044       1.43132       1.21742      0.912619       0.00000       1.43132    
  0.109645E-02   29.6942       2.72631       3.76276       2.65214       3.72685      0.741606E-01  0.359103E-01   6.37899       1.48381       1.47592       1.37852       1.16833      0.872413       0.00000       1.37852    
  0.120223E-02   28.3546       2.62942       3.62058       2.55123       3.58255      0.781950E-01  0.380350E-01   6.13377       1.43089       1.42252       1.32683       1.12033      0.833201       0.00000       1.32683    
  0.131822E-02   27.0575       2.53536       3.48234       2.45296       3.44209      0.824003E-01  0.402586E-01   5.89505       1.37933       1.37046       1.27646       1.07363      0.795167       0.00000       1.27646    
  0.144540E-02   25.8244       2.44562       3.35010       2.35873       3.30745      0.868955E-01  0.426519E-01   5.66618       1.32983       1.32043       1.22810       1.02890      0.758919       0.00000       1.22810    
  0.158485E-02   24.6203       2.35787       3.22059       2.26633       3.17546      0.915319E-01  0.451283E-01   5.44180       1.28128       1.27133       1.18065      0.985057      0.723485       0.00000       1.18065    
  0.173775E-02   23.4686       2.27368       3.09601       2.17725       3.04825      0.964310E-01  0.477596E-01   5.22550       1.23442       1.22389       1.13485      0.942832      0.689512       0.00000       1.13485    
  0.190540E-02   22.3619       2.19262       2.97571       2.09104       2.92516      0.101583      0.505424E-01   5.01620       1.18903       1.17789       1.09047      0.902006      0.656804       0.00000       1.09047    
  0.208923E-02   21.2822       2.11344       2.85798       2.00655       2.80456      0.106889      0.534180E-01   4.81111       1.14453       1.13275       1.04695      0.862020      0.624854       0.00000       1.04695    
  0.229079E-02   20.2624       2.03846       2.74598       1.92589       2.68946      0.112568      0.565196E-01   4.61535       1.10199       1.08953       1.00534      0.823904      0.594590       0.00000       1.00534    
  0.251180E-02   19.2716       1.96555       2.63678       1.84711       2.57704      0.118445      0.597419E-01   4.42414       1.06041       1.04725      0.964644      0.786698      0.565144       0.00000      0.964644    
  0.275413E-02   18.3130       1.89495       2.53069       1.77040       2.46759      0.124545      0.630990E-01   4.23799       1.01989       1.00600      0.924981      0.750506      0.536609       0.00000      0.924981    
  0.301984E-02   17.4055       1.82803       2.42958       1.69700       2.36288      0.131033      0.666965E-01   4.05988      0.981073      0.966405      0.886954      0.715927      0.509520       0.00000      0.886954    
  0.331118E-02   16.5206       1.76278       2.33068       1.62508       2.26027      0.137704      0.704083E-01   3.88535      0.943008      0.927541      0.849655      0.682068      0.483076       0.00000      0.849655    
  0.363064E-02   15.6756       1.70046       2.23571       1.55575       2.16138      0.144708      0.743276E-01   3.71713      0.906275      0.889970      0.813642      0.649480      0.457767       0.00000      0.813642    
  0.398091E-02   14.8665       1.64083       2.14429       1.48879       2.06584      0.152039      0.784530E-01   3.55462      0.870746      0.853566      0.778788      0.618040      0.433484       0.00000      0.778788    
  0.436498E-02   14.0783       1.58276       2.05496       1.42320       1.97226      0.159565      0.827015E-01   3.39545      0.835921      0.817844      0.744613      0.587274      0.409799       0.00000      0.744613    
  0.478610E-02   13.3358       1.52816       1.97020       1.36062       1.88296      0.167543      0.872388E-01   3.24358      0.802635      0.783612      0.711922      0.557983      0.387426       0.00000      0.711922    
  0.524785E-02   12.6164       1.47534       1.88778       1.29958       1.79584      0.175768      0.919356E-01   3.09542      0.770132      0.750137      0.679986      0.529444      0.365720       0.00000      0.679986    
  0.575415E-02   11.9212       1.42440       1.80781       1.24014       1.71101      0.184252      0.967998E-01   2.95116      0.738450      0.717455      0.648842      0.501695      0.344713       0.00000      0.648842    
  0.630929E-02   11.2660       1.37658       1.73193       1.18339       1.62997      0.193196      0.101963       2.81336      0.708128      0.686090      0.619012      0.475261      0.324868       0.00000      0.619012    
  0.691799E-02   10.6282       1.33015       1.65785       1.12780       1.55059      0.202347      0.107263       2.67839      0.678399      0.655298      0.589758      0.449403      0.305530       0.00000      0.589758    
  0.758542E-02   10.0203       1.28610       1.58687       1.07424       1.47407      0.211863      0.112804       2.54830      0.649694      0.625499      0.561496      0.424543      0.287070       0.00000      0.561496    
  0.831724E-02   9.44045       1.24431       1.51883       1.02258       1.40024      0.221736      0.118584       2.42282      0.621951      0.596633      0.534172      0.400628      0.269438       0.00000      0.534172    
  0.911966E-02   8.87482       1.20370       1.45229      0.971894       1.32780      0.231809      0.124496       2.29969      0.594699      0.568244      0.507325      0.377195      0.252227       0.00000      0.507325    
  0.999950E-02   8.32760       1.16480       1.38785      0.922518       1.25718      0.242279      0.130677       2.17969      0.568108      0.540486      0.481115      0.354410      0.235575       0.00000      0.481115    
  0.109642E-01   7.80346       1.12767       1.32578      0.874699       1.18878      0.252967      0.137005       2.06348      0.542292      0.513496      0.455677      0.332407      0.219607       0.00000      0.455677    
  0.120220E-01   7.31437       1.09331       1.26738      0.829274       1.12379      0.264034      0.143589       1.95307      0.517666      0.487683      0.431425      0.311607      0.204685       0.00000      0.431425    
  0.131819E-01   6.84758       1.06081       1.21141      0.785410       1.06103      0.275397      0.150373       1.84644      0.493811      0.462639      0.407949      0.291600      0.190444       0.00000      0.407949    
  0.144536E-01   6.40203       1.03008       1.15776      0.743048       1.00041      0.287034      0.157344       1.74346      0.470689      0.438334      0.385221      0.272359      0.176858       0.00000      0.385221    
  0.158481E-01   5.97550       1.00095       1.10621      0.702042      0.941736      0.298905      0.164472       1.64378      0.448227      0.414699      0.363173      0.253816      0.163864       0.00000      0.363173    
  0.173770E-01   5.56740      0.973350       1.05671      0.662360      0.884963      0.310990      0.171742       1.54732      0.426401      0.391722      0.341792      0.235960      0.151449       0.00000      0.341792    
  0.190535E-01   5.17878      0.947371       1.00938      0.624092      0.830236      0.323279      0.179143       1.45433      0.405248      0.369453      0.321131      0.218844      0.139652       0.00000      0.321131    
  0.208917E-01   4.80855      0.922905      0.964115      0.587173      0.777471      0.335732      0.186644       1.36464      0.384730      0.347864      0.301161      0.202443      0.128446       0.00000      0.301161    
  0.229073E-01   4.45492      0.899787      0.920718      0.551484      0.726511      0.348302      0.194206       1.27800      0.364783      0.326901      0.281830      0.186701      0.117780       0.00000      0.281830    
  0.251174E-01   4.11738      0.877954      0.879132      0.517002      0.677334      0.360952      0.201798       1.19434      0.345389      0.306560      0.263132      0.171612      0.107642       0.00000      0.263132    
  0.275406E-01   3.79705      0.857462      0.839477      0.483823      0.630102      0.373638      0.209375       1.11393      0.326584      0.286899      0.245127      0.157239      0.980762E-01   0.00000      0.245127    
  0.301976E-01   3.49282      0.838182      0.801617      0.451880      0.584732      0.386302      0.216885       1.03661      0.308327      0.267892      0.227789      0.143553      0.890513E-01   0.00000      0.227789    
  0.331110E-01   3.20329      0.819967      0.765379      0.421078      0.541102      0.398890      0.224277      0.962180      0.290567      0.249500      0.211077      0.130511      0.805254E-01   0.00000      0.211077    
  0.363055E-01   2.92811      0.802743      0.730701      0.391401      0.499206      0.411342      0.231495      0.890606      0.273290      0.231724      0.194991      0.118111      0.724905E-01   0.00000      0.194991    
  0.398081E-01   2.66842      0.786521      0.697671      0.362954      0.459230      0.423567      0.238441      0.822184      0.256531      0.214635      0.179605      0.106423      0.649903E-01   0.00000      0.179605    
  0.436487E-01   2.42319      0.771158      0.666130      0.335667      0.421089      0.435492      0.245041      0.756755      0.240252      0.198209      0.164889      0.954150E-01  0.579915E-01   0.00000      0.164889    
  0.478598E-01   2.19134      0.756516      0.635913      0.309463      0.384682      0.447053      0.251231      0.694145      0.224412      0.182413      0.150811      0.850502E-01  0.514579E-01   0.00000      0.150811    
  0.524772E-01   1.97262      0.742500      0.606938      0.284332      0.350014      0.458169      0.256924      0.634346      0.209004      0.167256      0.137376      0.753283E-01  0.453817E-01   0.00000      0.137376    
  0.575400E-01   1.76830      0.729064      0.579236      0.260388      0.317291      0.468676      0.261945      0.577679      0.194065      0.152820      0.124666      0.663231E-01  0.398052E-01   0.00000      0.124666    
  0.630913E-01   1.57733      0.716047      0.552618      0.237552      0.286405      0.478495      0.266212      0.523957      0.179561      0.139073      0.112643      0.579916E-01  0.346891E-01   0.00000      0.112643    
  0.691782E-01   1.39886      0.703311      0.526916      0.215763      0.257267      0.487548      0.269649      0.473030      0.165466      0.125987      0.101279      0.502968E-01  0.300000E-01   0.00000      0.101279    
  0.758523E-01   1.23269      0.690731      0.502015      0.195013      0.229873      0.495718      0.272141      0.424886      0.151780      0.113571      0.905758E-01  0.432329E-01  0.257268E-01   0.00000      0.905758E-01
  0.831703E-01   1.08012      0.678158      0.477858      0.175420      0.204430      0.502738      0.273428      0.379850      0.138554      0.101910      0.806148E-01  0.368665E-01  0.219046E-01   0.00000      0.806148E-01
  0.911943E-01  0.939976      0.665417      0.454239      0.156900      0.180789      0.508517      0.273450      0.337689      0.125763      0.909587E-01  0.713439E-01  0.311362E-01  0.184863E-01   0.00000      0.713439E-01
  0.999925E-01  0.809136      0.652330      0.430847      0.139203      0.158564      0.513127      0.272283      0.297767      0.113302      0.805728E-01  0.626196E-01  0.259001E-01  0.153716E-01   0.00000      0.626196E-01
  0.109639      0.690987      0.638767      0.407787      0.122626      0.138174      0.516140      0.269613      0.260800      0.101334      0.709243E-01  0.546021E-01  0.212921E-01  0.126477E-01   0.00000      0.546021E-01
  0.120217      0.586308      0.624394      0.384891      0.107271      0.119753      0.517122      0.265137      0.227025      0.899284E-01  0.620801E-01  0.473469E-01  0.173430E-01  0.103265E-01   0.00000      0.473469E-01
  0.131815      0.492531      0.609001      0.361925      0.929486E-01  0.102961      0.516052      0.258964      0.195910      0.790261E-01  0.539145E-01  0.407259E-01  0.139225E-01  0.832084E-02   0.00000      0.407259E-01
  0.144533      0.409680      0.592239      0.338749      0.797060E-01  0.878139E-01  0.512533      0.250935      0.167520      0.686880E-01  0.464467E-01  0.347475E-01  0.110181E-01  0.661968E-02   0.00000      0.347475E-01
  0.158477      0.336755      0.573847      0.315261      0.674986E-01  0.741755E-01  0.506349      0.241085      0.141674      0.589299E-01  0.396307E-01  0.293606E-01  0.856873E-02  0.518420E-02   0.00000      0.293606E-01
  0.173766      0.273631      0.553372      0.291365      0.563825E-01  0.620460E-01  0.496990      0.229319      0.118429      0.498296E-01  0.334799E-01  0.245664E-01  0.655290E-02  0.399970E-02   0.00000      0.245664E-01
  0.190530      0.219210      0.530535      0.267044      0.463120E-01  0.512793E-01  0.484223      0.215764      0.975913E-01  0.414054E-01  0.279427E-01  0.203088E-01  0.490662E-02  0.302781E-02   0.00000      0.203088E-01
  0.208912      0.173217      0.504796      0.242294      0.373468E-01  0.418620E-01  0.467449      0.200432      0.792088E-01  0.337452E-01  0.230272E-01  0.165833E-01  0.360161E-02  0.225158E-02   0.00000      0.165833E-01
  0.229067      0.134507      0.475924      0.217217      0.294327E-01  0.336448E-01  0.446491      0.183573      0.630775E-01  0.268567E-01  0.186778E-01  0.133315E-01  0.257603E-02  0.163549E-02   0.00000      0.133315E-01
  0.251167      0.102693      0.443400      0.191956      0.226214E-01  0.266058E-01  0.420779      0.165350      0.492272E-01  0.208224E-01  0.148982E-01  0.105454E-01  0.179897E-02  0.116226E-02   0.00000      0.105454E-01
  0.275399      0.766647E-01  0.407204      0.166748      0.168368E-01  0.205994E-01  0.390367      0.146149      0.374362E-01  0.156209E-01  0.116306E-01  0.816740E-02  0.121595E-02  0.801399E-03   0.00000      0.816740E-02
  0.301969      0.559786E-01  0.367093      0.141924      0.121033E-01  0.155979E-01  0.354989      0.126326      0.277012E-01  0.113054E-01  0.887395E-02  0.618677E-02  0.797819E-03  0.537198E-03   0.00000      0.618677E-02
  0.331102      0.396342E-01  0.323532      0.117840      0.830837E-02  0.114629E-01  0.315223      0.106378      0.197713E-01  0.780694E-02  0.656850E-02  0.454878E-02  0.501434E-03  0.345620E-03   0.00000      0.454878E-02
  0.363046      0.271962E-01  0.276983      0.950126E-01  0.542847E-02  0.815995E-02  0.271555      0.868527E-01  0.135884E-01  0.512545E-02  0.470625E-02  0.323984E-02  0.303019E-03  0.213854E-03   0.00000      0.323984E-02
  0.398071      0.178277E-01  0.228708      0.738382E-01  0.331082E-02  0.555689E-02  0.225397      0.682813E-01  0.886771E-02  0.313852E-02  0.322454E-02  0.220773E-02  0.172294E-03  0.124620E-03   0.00000      0.220773E-02
  0.436476      0.109831E-01  0.180130      0.547763E-01  0.185110E-02  0.357884E-02  0.178279      0.511975E-01  0.542994E-02  0.176094E-02  0.208904E-02  0.142299E-02  0.901570E-04  0.668100E-04   0.00000      0.142299E-02
  0.478586      0.637306E-02  0.133637      0.384546E-01  0.942295E-03  0.216887E-02  0.132695      0.362857E-01  0.311116E-02  0.898289E-03  0.127245E-02  0.863055E-03  0.440056E-04  0.333584E-04   0.00000      0.863055E-03
  0.524759      0.337830E-02  0.916142E-01  0.251048E-01  0.421139E-03  0.120823E-02  0.911930E-01  0.238966E-01  0.162937E-02  0.401951E-03  0.712169E-03  0.481199E-03  0.191887E-04  0.148642E-04   0.00000      0.481199E-03
  0.575386      0.158471E-02  0.564621E-01  0.148870E-01  0.158385E-03  0.601979E-03  0.563037E-01  0.142850E-01  0.760364E-03  0.151210E-03  0.356342E-03  0.239958E-03  0.717499E-05  0.567893E-05   0.00000      0.239958E-03
  0.630897      0.626358E-03  0.299872E-01  0.773272E-02  0.469426E-04  0.257146E-03  0.299402E-01  0.747558E-02  0.304088E-03  0.447875E-04  0.152807E-03  0.102591E-03  0.215516E-05  0.174762E-05   0.00000      0.102591E-03
  0.691764      0.192387E-03  0.127924E-01  0.331153E-02  0.982717E-05  0.877816E-04  0.127826E-01  0.322374E-02  0.976087E-04  0.936244E-05  0.523420E-04  0.350496E-04  0.464733E-06  0.389946E-06   0.00000      0.350496E-04
  0.758504      0.383107E-04  0.380296E-02  0.103372E-02  0.114266E-05  0.206802E-04  0.380182E-02  0.101304E-02  0.218229E-04  0.108875E-05  0.123683E-04  0.826346E-05  0.539191E-07  0.485283E-07   0.00000      0.826346E-05
  0.831682      0.369411E-05  0.594597E-03  0.184673E-03  0.480497E-07  0.255365E-05  0.594549E-03  0.182120E-03  0.260170E-05  0.460974E-07  0.153047E-05  0.102096E-05  0.195231E-08  0.222168E-08   0.00000      0.102096E-05
  0.911920      0.604596E-07  0.192031E-04  0.839887E-05  0.136849E-09  0.643074E-07  0.192029E-04  0.833457E-05  0.644442E-07  0.148038E-09  0.385848E-07  0.257194E-07  -.111889E-10  0.313525E-11   0.00000      0.257194E-07
  0.999900      -.234604E-13  -.135390E-10  -.112483E-11  0.133244E-16  -.411052E-13  -.135390E-10  -.108373E-11  -.410919E-13  0.252959E-17  -.246674E-13  -.164416E-13  0.107949E-16  0.374178E-17   0.00000      -.164416E-13
