* Theory file for EIC NCep 10x275 realistic
&Data 
   Name = "Theory for EIC NCep 10x275 realistic"
   NData =   129
   NColumn =     6
   ColumnType = 5*"Bin","Theory",  0*"Error"
   ColumnName = "x","Q2","y","W","lumi","theory","norm18x275+","norm18x275-"
   Percent =   0*True
&End 
  0.815500E-03  0.515000E+01  0.574000E+00  0.630500E+04  0.100000E+03  0.737905E+00
  0.129000E-02  0.515000E+01  0.362000E+00  0.397700E+04  0.100000E+03  0.697235E+00
  0.129000E-02  0.815000E+01  0.574000E+00  0.630200E+04  0.100000E+03  0.786180E+00
  0.205000E-02  0.515000E+01  0.228000E+00  0.250800E+04  0.100000E+03  0.644965E+00
  0.205000E-02  0.815000E+01  0.362000E+00  0.397400E+04  0.100000E+03  0.737273E+00
  0.205000E-02  0.129000E+02  0.574000E+00  0.629800E+04  0.100000E+03  0.813866E+00
  0.325000E-02  0.515000E+01  0.144000E+00  0.158100E+04  0.100000E+03  0.593459E+00
  0.325000E-02  0.815000E+01  0.228000E+00  0.250500E+04  0.100000E+03  0.675510E+00
  0.325000E-02  0.129000E+02  0.362000E+00  0.396900E+04  0.100000E+03  0.756844E+00
  0.325000E-02  0.205000E+02  0.574000E+00  0.629000E+04  0.100000E+03  0.819864E+00
  0.515000E-02  0.515000E+01  0.909000E-01  0.995700E+03  0.100000E+03  0.546303E+00
  0.515000E-02  0.815000E+01  0.144000E+00  0.157800E+04  0.100000E+03  0.615346E+00
  0.515000E-02  0.129000E+02  0.228000E+00  0.250000E+04  0.100000E+03  0.686803E+00
  0.515000E-02  0.205000E+02  0.362000E+00  0.396100E+04  0.100000E+03  0.755087E+00
  0.515000E-02  0.325000E+02  0.574000E+00  0.627800E+04  0.100000E+03  0.801877E+00
  0.815000E-02  0.515000E+01  0.574000E-01  0.626700E+03  0.100000E+03  0.504869E+00
  0.815000E-02  0.815000E+01  0.909000E-01  0.992700E+03  0.100000E+03  0.561295E+00
  0.815000E-02  0.129000E+02  0.144000E+00  0.157300E+04  0.100000E+03  0.620058E+00
  0.815000E-02  0.205000E+02  0.228000E+00  0.249200E+04  0.100000E+03  0.678994E+00
  0.815000E-02  0.325000E+02  0.362000E+00  0.394900E+04  0.100000E+03  0.731267E+00
  0.815000E-02  0.515000E+02  0.574000E+00  0.625900E+04  0.100000E+03  0.764689E+00
  0.129000E-01  0.515000E+01  0.362000E-01  0.393800E+03  0.100000E+03  0.469759E+00
  0.129000E-01  0.815000E+01  0.574000E-01  0.623700E+03  0.100000E+03  0.514640E+00
  0.129000E-01  0.129000E+02  0.909000E-01  0.988000E+03  0.100000E+03  0.561129E+00
  0.129000E-01  0.205000E+02  0.144000E+00  0.156500E+04  0.100000E+03  0.608061E+00
  0.129000E-01  0.325000E+02  0.228000E+00  0.248000E+04  0.100000E+03  0.651977E+00
  0.129000E-01  0.515000E+02  0.362000E+00  0.393000E+04  0.100000E+03  0.689912E+00
  0.129000E-01  0.815000E+02  0.574000E+00  0.622900E+04  0.100000E+03  0.711537E+00
  0.205000E-01  0.515000E+01  0.228000E-01  0.246900E+03  0.100000E+03  0.441903E+00
  0.205000E-01  0.815000E+01  0.362000E-01  0.390800E+03  0.100000E+03  0.476308E+00
  0.205000E-01  0.129000E+02  0.574000E-01  0.618900E+03  0.100000E+03  0.511527E+00
  0.205000E-01  0.205000E+02  0.909000E-01  0.980400E+03  0.100000E+03  0.546820E+00
  0.205000E-01  0.325000E+02  0.144000E+00  0.155300E+04  0.100000E+03  0.580056E+00
  0.205000E-01  0.515000E+02  0.228000E+00  0.246100E+04  0.100000E+03  0.610519E+00
  0.205000E-01  0.815000E+02  0.362000E+00  0.390000E+04  0.100000E+03  0.635643E+00
  0.205000E-01  0.129000E+03  0.574000E+00  0.618100E+04  0.100000E+03  0.648489E+00
  0.325000E-01  0.515000E+01  0.144000E-01  0.154200E+03  0.100000E+03  0.422450E+00
  0.325000E-01  0.815000E+01  0.228000E-01  0.243900E+03  0.100000E+03  0.447313E+00
  0.325000E-01  0.129000E+02  0.362000E-01  0.386100E+03  0.100000E+03  0.472306E+00
  0.325000E-01  0.205000E+02  0.574000E-01  0.611400E+03  0.100000E+03  0.497001E+00
  0.325000E-01  0.325000E+02  0.909000E-01  0.968400E+03  0.100000E+03  0.520035E+00
  0.325000E-01  0.515000E+02  0.144000E+00  0.153400E+04  0.100000E+03  0.541212E+00
  0.325000E-01  0.815000E+02  0.228000E+00  0.243100E+04  0.100000E+03  0.559895E+00
  0.325000E-01  0.129000E+03  0.362000E+00  0.385300E+04  0.100000E+03  0.574869E+00
  0.325000E-01  0.205000E+03  0.574000E+00  0.610600E+04  0.100000E+03  0.582102E+00
  0.515000E-01  0.515000E+01  0.909000E-02  0.957400E+02  0.100000E+03  0.410700E+00
  0.515000E-01  0.815000E+01  0.144000E-01  0.151200E+03  0.100000E+03  0.426590E+00
  0.515000E-01  0.129000E+02  0.228000E-01  0.239100E+03  0.100000E+03  0.442131E+00
  0.515000E-01  0.205000E+02  0.362000E-01  0.378500E+03  0.100000E+03  0.457178E+00
  0.515000E-01  0.325000E+02  0.574000E-01  0.599400E+03  0.100000E+03  0.470929E+00
  0.515000E-01  0.515000E+02  0.909000E-01  0.949400E+03  0.100000E+03  0.483370E+00
  0.515000E-01  0.815000E+02  0.144000E+00  0.150400E+04  0.100000E+03  0.494287E+00
  0.515000E-01  0.129000E+03  0.228000E+00  0.238400E+04  0.100000E+03  0.503819E+00
  0.515000E-01  0.205000E+03  0.362000E+00  0.377700E+04  0.100000E+03  0.511553E+00
  0.515000E-01  0.325000E+03  0.574000E+00  0.598600E+04  0.100000E+03  0.515818E+00
  0.815000E-01  0.515000E+01  0.574000E-02  0.588300E+02  0.100000E+03  0.403157E+00
  0.815000E-01  0.815000E+01  0.909000E-02  0.927300E+02  0.100000E+03  0.410618E+00
  0.815000E-01  0.129000E+02  0.144000E-01  0.146400E+03  0.100000E+03  0.417403E+00
  0.815000E-01  0.205000E+02  0.228000E-01  0.231600E+03  0.100000E+03  0.423769E+00
  0.815000E-01  0.325000E+02  0.362000E-01  0.366500E+03  0.100000E+03  0.429371E+00
  0.815000E-01  0.515000E+02  0.574000E-01  0.580400E+03  0.100000E+03  0.434241E+00
  0.815000E-01  0.815000E+02  0.909000E-01  0.919300E+03  0.100000E+03  0.438275E+00
  0.815000E-01  0.129000E+03  0.144000E+00  0.145700E+04  0.100000E+03  0.441656E+00
  0.815000E-01  0.205000E+03  0.228000E+00  0.230800E+04  0.100000E+03  0.444742E+00
  0.815000E-01  0.325000E+03  0.362000E+00  0.365700E+04  0.100000E+03  0.448042E+00
  0.815000E-01  0.515000E+03  0.574000E+00  0.579600E+04  0.100000E+03  0.452376E+00
  0.129000E+00  0.515000E+01  0.362000E-02  0.355500E+02  0.100000E+03  0.391847E+00
  0.129000E+00  0.815000E+01  0.574000E-02  0.558200E+02  0.100000E+03  0.391603E+00
  0.129000E+00  0.129000E+02  0.909000E-02  0.879600E+02  0.100000E+03  0.390785E+00
  0.129000E+00  0.205000E+02  0.144000E-01  0.138900E+03  0.100000E+03  0.389742E+00
  0.129000E+00  0.325000E+02  0.228000E-01  0.219600E+03  0.100000E+03  0.388531E+00
  0.129000E+00  0.515000E+02  0.362000E-01  0.347500E+03  0.100000E+03  0.387101E+00
  0.129000E+00  0.815000E+02  0.574000E-01  0.550300E+03  0.100000E+03  0.385448E+00
  0.129000E+00  0.129000E+03  0.909000E-01  0.871600E+03  0.100000E+03  0.383713E+00
  0.129000E+00  0.205000E+03  0.144000E+00  0.138100E+04  0.100000E+03  0.382164E+00
  0.129000E+00  0.325000E+03  0.228000E+00  0.218800E+04  0.100000E+03  0.381433E+00
  0.129000E+00  0.515000E+03  0.362000E+00  0.346700E+04  0.100000E+03  0.383064E+00
  0.129000E+00  0.815000E+03  0.574000E+00  0.549500E+04  0.100000E+03  0.390036E+00
  0.205000E+00  0.515000E+01  0.228000E-02  0.208500E+02  0.100000E+03  0.365431E+00
  0.205000E+00  0.815000E+01  0.362000E-02  0.325400E+02  0.100000E+03  0.357971E+00
  0.205000E+00  0.129000E+02  0.574000E-02  0.510500E+02  0.100000E+03  0.350600E+00
  0.205000E+00  0.205000E+02  0.909000E-02  0.804000E+02  0.100000E+03  0.343442E+00
  0.205000E+00  0.325000E+02  0.144000E-01  0.126900E+03  0.100000E+03  0.336754E+00
  0.205000E+00  0.515000E+02  0.228000E-01  0.200600E+03  0.100000E+03  0.330369E+00
  0.205000E+00  0.815000E+02  0.362000E-01  0.317400E+03  0.100000E+03  0.324319E+00
  0.205000E+00  0.129000E+03  0.574000E-01  0.502600E+03  0.100000E+03  0.318606E+00
  0.205000E+00  0.205000E+03  0.909000E-01  0.796000E+03  0.100000E+03  0.313337E+00
  0.205000E+00  0.325000E+03  0.144000E+00  0.126100E+04  0.100000E+03  0.309007E+00
  0.205000E+00  0.515000E+03  0.228000E+00  0.199800E+04  0.100000E+03  0.306517E+00
  0.205000E+00  0.815000E+03  0.362000E+00  0.316600E+04  0.100000E+03  0.308205E+00
  0.205000E+00  0.129000E+04  0.574000E+00  0.501800E+04  0.100000E+03  0.318891E+00
  0.325000E+00  0.815000E+01  0.228000E-02  0.178400E+02  0.100000E+03  0.288595E+00
  0.325000E+00  0.129000E+02  0.362000E-02  0.277700E+02  0.100000E+03  0.275196E+00
  0.325000E+00  0.205000E+02  0.574000E-02  0.434900E+02  0.100000E+03  0.262983E+00
  0.325000E+00  0.325000E+02  0.909000E-02  0.684200E+02  0.100000E+03  0.252197E+00
  0.325000E+00  0.515000E+02  0.144000E-01  0.107900E+03  0.100000E+03  0.242313E+00
  0.325000E+00  0.815000E+02  0.228000E-01  0.170500E+03  0.100000E+03  0.233284E+00
  0.325000E+00  0.129000E+03  0.362000E-01  0.269700E+03  0.100000E+03  0.225019E+00
  0.325000E+00  0.205000E+03  0.574000E-01  0.427000E+03  0.100000E+03  0.217458E+00
  0.325000E+00  0.325000E+03  0.909000E-01  0.676200E+03  0.100000E+03  0.210829E+00
  0.325000E+00  0.515000E+03  0.144000E+00  0.107100E+04  0.100000E+03  0.205497E+00
  0.325000E+00  0.815000E+03  0.228000E+00  0.169700E+04  0.100000E+03  0.202482E+00
  0.325000E+00  0.129000E+04  0.362000E+00  0.269000E+04  0.100000E+03  0.204206E+00
  0.325000E+00  0.205000E+04  0.574000E+00  0.426200E+04  0.100000E+03  0.215556E+00
  0.515000E+00  0.129000E+02  0.228000E-02  0.130700E+02  0.100000E+03  0.127065E+00
  0.515000E+00  0.205000E+02  0.362000E-02  0.202100E+02  0.100000E+03  0.116118E+00
  0.515000E+00  0.325000E+02  0.574000E-02  0.315100E+02  0.100000E+03  0.107100E+00
  0.515000E+00  0.515000E+02  0.909000E-02  0.494300E+02  0.100000E+03  0.992542E-01
  0.515000E+00  0.815000E+02  0.144000E-01  0.778200E+02  0.100000E+03  0.924119E-01
  0.515000E+00  0.129000E+03  0.228000E-01  0.122800E+03  0.100000E+03  0.863903E-01
  0.515000E+00  0.205000E+03  0.362000E-01  0.194100E+03  0.100000E+03  0.810388E-01
  0.515000E+00  0.325000E+03  0.574000E-01  0.307200E+03  0.100000E+03  0.763758E-01
  0.515000E+00  0.515000E+03  0.909000E-01  0.486300E+03  0.100000E+03  0.723947E-01
  0.515000E+00  0.815000E+03  0.144000E+00  0.770300E+03  0.100000E+03  0.692647E-01
  0.515000E+00  0.129000E+04  0.228000E+00  0.122000E+04  0.100000E+03  0.674339E-01
  0.515000E+00  0.205000E+04  0.362000E+00  0.193400E+04  0.100000E+03  0.679779E-01
  0.515000E+00  0.325000E+04  0.574000E+00  0.306400E+04  0.100000E+03  0.728787E-01
  0.815000E+00  0.205000E+02  0.228000E-02  0.551500E+01  0.100000E+03  0.291006E-02
  0.815000E+00  0.325000E+02  0.362000E-02  0.822600E+01  0.100000E+03  0.247793E-02
  0.815000E+00  0.515000E+02  0.574000E-02  0.125200E+02  0.100000E+03  0.213244E-02
  0.815000E+00  0.815000E+02  0.909000E-02  0.193300E+02  0.100000E+03  0.185361E-02
  0.815000E+00  0.129000E+03  0.144000E-01  0.301300E+02  0.100000E+03  0.162495E-02
  0.815000E+00  0.205000E+03  0.228000E-01  0.472300E+02  0.100000E+03  0.143418E-02
  0.815000E+00  0.325000E+03  0.362000E-01  0.743400E+02  0.100000E+03  0.127627E-02
  0.815000E+00  0.515000E+03  0.574000E-01  0.117300E+03  0.100000E+03  0.114507E-02
  0.815000E+00  0.815000E+03  0.909000E-01  0.185400E+03  0.100000E+03  0.103806E-02
  0.815000E+00  0.129000E+04  0.144000E+00  0.293300E+03  0.100000E+03  0.955548E-03
  0.815000E+00  0.205000E+04  0.228000E+00  0.464400E+03  0.100000E+03  0.902973E-03
  0.815000E+00  0.325000E+04  0.362000E+00  0.735500E+03  0.100000E+03  0.895928E-03
